     1  0.000000000000E+00  0.000000000000E+00  0.000000000000E+00 -5.765077865224E+03  0.000000000000E+00  0.000000000000E+00  0.000000000000E+00  0.000000000000E+00
     2  0.000000000000E+00  0.000000000000E+00  0.000000000000E+00 -1.021805097767E+04  0.000000000000E+00  0.000000000000E+00  0.000000000000E+00  0.000000000000E+00
     3  0.000000000000E+00  0.000000000000E+00  0.000000000000E+00 -1.037633782704E+04  0.000000000000E+00  0.000000000000E+00  0.000000000000E+00  0.000000000000E+00
     4  0.000000000000E+00  0.000000000000E+00  0.000000000000E+00 -1.038120692398E+04  0.000000000000E+00  0.000000000000E+00  0.000000000000E+00  0.000000000000E+00
     5  0.000000000000E+00  0.000000000000E+00  0.000000000000E+00 -1.038393551698E+04  0.000000000000E+00  0.000000000000E+00  0.000000000000E+00  0.000000000000E+00
     6  0.000000000000E+00  0.000000000000E+00  0.000000000000E+00 -1.038638953891E+04  0.000000000000E+00  0.000000000000E+00  0.000000000000E+00  0.000000000000E+00
     7  0.000000000000E+00  0.000000000000E+00  0.000000000000E+00 -1.038617212467E+04  0.000000000000E+00  0.000000000000E+00  0.000000000000E+00  0.000000000000E+00
     8  0.000000000000E+00  0.000000000000E+00  0.000000000000E+00 -1.038590059131E+04  0.000000000000E+00  0.000000000000E+00  0.000000000000E+00  0.000000000000E+00
     9  0.000000000000E+00  0.000000000000E+00  0.000000000000E+00 -1.038584610576E+04  0.000000000000E+00  0.000000000000E+00  0.000000000000E+00  0.000000000000E+00
    10  0.000000000000E+00  0.000000000000E+00  0.000000000000E+00 -1.038556758856E+04  0.000000000000E+00  0.000000000000E+00  0.000000000000E+00  0.000000000000E+00
    11  0.000000000000E+00  0.000000000000E+00  0.000000000000E+00 -1.038561753259E+04  0.000000000000E+00  0.000000000000E+00  0.000000000000E+00  0.000000000000E+00
    12  0.000000000000E+00  0.000000000000E+00  0.000000000000E+00 -1.038573269593E+04  0.000000000000E+00  0.000000000000E+00  0.000000000000E+00  0.000000000000E+00
    13  0.000000000000E+00  0.000000000000E+00  0.000000000000E+00 -1.038567696364E+04  0.000000000000E+00  0.000000000000E+00  0.000000000000E+00  0.000000000000E+00
    14  0.000000000000E+00  0.000000000000E+00  0.000000000000E+00 -1.038570470646E+04  0.000000000000E+00  0.000000000000E+00  0.000000000000E+00  0.000000000000E+00
    15  0.000000000000E+00  0.000000000000E+00  0.000000000000E+00 -1.038555712894E+04  0.000000000000E+00  0.000000000000E+00  0.000000000000E+00  0.000000000000E+00
    16  0.000000000000E+00  0.000000000000E+00  0.000000000000E+00 -1.038562426523E+04  0.000000000000E+00  0.000000000000E+00  0.000000000000E+00  0.000000000000E+00
    17  0.000000000000E+00  0.000000000000E+00  0.000000000000E+00 -1.038561514109E+04  0.000000000000E+00  0.000000000000E+00  0.000000000000E+00  0.000000000000E+00
    18  0.000000000000E+00  0.000000000000E+00  0.000000000000E+00 -1.038561049219E+04  0.000000000000E+00  0.000000000000E+00  0.000000000000E+00  0.000000000000E+00
    19  0.000000000000E+00  0.000000000000E+00  0.000000000000E+00 -1.038564677234E+04  0.000000000000E+00  0.000000000000E+00  0.000000000000E+00  0.000000000000E+00
    20  0.000000000000E+00  0.000000000000E+00  0.000000000000E+00 -1.038564305300E+04  0.000000000000E+00  0.000000000000E+00  0.000000000000E+00  0.000000000000E+00
    21  0.000000000000E+00  0.000000000000E+00  0.000000000000E+00 -1.038563122979E+04  0.000000000000E+00  0.000000000000E+00  0.000000000000E+00  0.000000000000E+00
    22  0.000000000000E+00  0.000000000000E+00  0.000000000000E+00 -1.038562889789E+04  0.000000000000E+00  0.000000000000E+00  0.000000000000E+00  0.000000000000E+00
    23  0.000000000000E+00  0.000000000000E+00  0.000000000000E+00 -1.038563041253E+04  0.000000000000E+00  0.000000000000E+00  0.000000000000E+00  0.000000000000E+00
    24  0.000000000000E+00  0.000000000000E+00  0.000000000000E+00 -1.038562569377E+04  0.000000000000E+00  0.000000000000E+00  0.000000000000E+00  0.000000000000E+00
    25  0.000000000000E+00  0.000000000000E+00  0.000000000000E+00 -1.038562265137E+04  0.000000000000E+00  0.000000000000E+00  0.000000000000E+00  0.000000000000E+00
    26  0.000000000000E+00  0.000000000000E+00  0.000000000000E+00 -1.038561712156E+04  0.000000000000E+00  0.000000000000E+00  0.000000000000E+00  0.000000000000E+00
    27  0.000000000000E+00  0.000000000000E+00  0.000000000000E+00 -1.038561445640E+04  0.000000000000E+00  0.000000000000E+00  0.000000000000E+00  0.000000000000E+00
    28  0.000000000000E+00  0.000000000000E+00  0.000000000000E+00 -1.038562467337E+04  0.000000000000E+00  0.000000000000E+00  0.000000000000E+00  0.000000000000E+00
    29  0.000000000000E+00  0.000000000000E+00  0.000000000000E+00 -1.038562870103E+04  0.000000000000E+00  0.000000000000E+00  0.000000000000E+00  0.000000000000E+00
    30  0.000000000000E+00  0.000000000000E+00  0.000000000000E+00 -1.038563246595E+04  0.000000000000E+00  0.000000000000E+00  0.000000000000E+00  0.000000000000E+00
    31  0.000000000000E+00  0.000000000000E+00  0.000000000000E+00 -1.038563065743E+04  0.000000000000E+00  0.000000000000E+00  0.000000000000E+00  0.000000000000E+00
    32  0.000000000000E+00  0.000000000000E+00  0.000000000000E+00 -1.038563127390E+04  0.000000000000E+00  0.000000000000E+00  0.000000000000E+00  0.000000000000E+00
    33  0.000000000000E+00  0.000000000000E+00  0.000000000000E+00 -1.038563100044E+04  0.000000000000E+00  0.000000000000E+00  0.000000000000E+00  0.000000000000E+00
    34  0.000000000000E+00  0.000000000000E+00  0.000000000000E+00 -1.038563556184E+04  0.000000000000E+00  0.000000000000E+00  0.000000000000E+00  0.000000000000E+00
    35  0.000000000000E+00  0.000000000000E+00  0.000000000000E+00 -1.038563940623E+04  0.000000000000E+00  0.000000000000E+00  0.000000000000E+00  0.000000000000E+00
    36  0.000000000000E+00  0.000000000000E+00  0.000000000000E+00 -1.038563810656E+04  0.000000000000E+00  0.000000000000E+00  0.000000000000E+00  0.000000000000E+00
    37  0.000000000000E+00  0.000000000000E+00  0.000000000000E+00 -1.038563549644E+04  0.000000000000E+00  0.000000000000E+00  0.000000000000E+00  0.000000000000E+00
    38  0.000000000000E+00  0.000000000000E+00  0.000000000000E+00 -1.038563313273E+04  0.000000000000E+00  0.000000000000E+00  0.000000000000E+00  0.000000000000E+00
    39  0.000000000000E+00  0.000000000000E+00  0.000000000000E+00 -1.038562816354E+04  0.000000000000E+00  0.000000000000E+00  0.000000000000E+00  0.000000000000E+00
    40  0.000000000000E+00  0.000000000000E+00  0.000000000000E+00 -1.038562363186E+04  0.000000000000E+00  0.000000000000E+00  0.000000000000E+00  0.000000000000E+00
    41  0.000000000000E+00  0.000000000000E+00  0.000000000000E+00 -1.038562357078E+04  0.000000000000E+00  0.000000000000E+00  0.000000000000E+00  0.000000000000E+00
    42  0.000000000000E+00  0.000000000000E+00  0.000000000000E+00 -1.038562261659E+04  0.000000000000E+00  0.000000000000E+00  0.000000000000E+00  0.000000000000E+00
    43  0.000000000000E+00  0.000000000000E+00  0.000000000000E+00 -1.038562067971E+04  0.000000000000E+00  0.000000000000E+00  0.000000000000E+00  0.000000000000E+00
    44  0.000000000000E+00  0.000000000000E+00  0.000000000000E+00 -1.038562012806E+04  0.000000000000E+00  0.000000000000E+00  0.000000000000E+00  0.000000000000E+00
    45  0.000000000000E+00  0.000000000000E+00  0.000000000000E+00 -1.038562145780E+04  0.000000000000E+00  0.000000000000E+00  0.000000000000E+00  0.000000000000E+00
    46  0.000000000000E+00  0.000000000000E+00  0.000000000000E+00 -1.038562232674E+04  0.000000000000E+00  0.000000000000E+00  0.000000000000E+00  0.000000000000E+00
    47  0.000000000000E+00  0.000000000000E+00  0.000000000000E+00 -1.038562194774E+04  0.000000000000E+00  0.000000000000E+00  0.000000000000E+00  0.000000000000E+00
    48  0.000000000000E+00  0.000000000000E+00  0.000000000000E+00 -1.038562171429E+04  0.000000000000E+00  0.000000000000E+00  0.000000000000E+00  0.000000000000E+00
    49  0.000000000000E+00  0.000000000000E+00  0.000000000000E+00 -1.038562071442E+04  0.000000000000E+00  0.000000000000E+00  0.000000000000E+00  0.000000000000E+00
    50  0.000000000000E+00  0.000000000000E+00  0.000000000000E+00 -1.038562062813E+04  0.000000000000E+00  0.000000000000E+00  0.000000000000E+00  0.000000000000E+00
    51  0.000000000000E+00  0.000000000000E+00  0.000000000000E+00 -1.038562112134E+04  0.000000000000E+00  0.000000000000E+00  0.000000000000E+00  0.000000000000E+00
    52  0.000000000000E+00  0.000000000000E+00  0.000000000000E+00 -1.038562161264E+04  0.000000000000E+00  0.000000000000E+00  0.000000000000E+00  0.000000000000E+00
    53  0.000000000000E+00  0.000000000000E+00  0.000000000000E+00 -1.038562204301E+04  0.000000000000E+00  0.000000000000E+00  0.000000000000E+00  0.000000000000E+00
    54  0.000000000000E+00  0.000000000000E+00  0.000000000000E+00 -1.038562257031E+04  0.000000000000E+00  0.000000000000E+00  0.000000000000E+00  0.000000000000E+00
    55  0.000000000000E+00  0.000000000000E+00  0.000000000000E+00 -1.038562270260E+04  0.000000000000E+00  0.000000000000E+00  0.000000000000E+00  0.000000000000E+00
    56  0.000000000000E+00  0.000000000000E+00  0.000000000000E+00 -1.038562309156E+04  0.000000000000E+00  0.000000000000E+00  0.000000000000E+00  0.000000000000E+00
    57  0.000000000000E+00  0.000000000000E+00  0.000000000000E+00 -1.038562332967E+04  0.000000000000E+00  0.000000000000E+00  0.000000000000E+00  0.000000000000E+00
    58  0.000000000000E+00  0.000000000000E+00  0.000000000000E+00 -1.038562349787E+04  0.000000000000E+00  0.000000000000E+00  0.000000000000E+00  0.000000000000E+00
    59  0.000000000000E+00  0.000000000000E+00  0.000000000000E+00 -1.038562361551E+04  0.000000000000E+00  0.000000000000E+00  0.000000000000E+00  0.000000000000E+00
    60  0.000000000000E+00  0.000000000000E+00  0.000000000000E+00 -1.038562357276E+04  0.000000000000E+00  0.000000000000E+00  0.000000000000E+00  0.000000000000E+00
    61  0.000000000000E+00  0.000000000000E+00  0.000000000000E+00 -1.038562368101E+04  0.000000000000E+00  0.000000000000E+00  0.000000000000E+00  0.000000000000E+00
    62  0.000000000000E+00  0.000000000000E+00  0.000000000000E+00 -1.038562357815E+04  0.000000000000E+00  0.000000000000E+00  0.000000000000E+00  0.000000000000E+00
    63  0.000000000000E+00  0.000000000000E+00  0.000000000000E+00 -1.038562367837E+04  0.000000000000E+00  0.000000000000E+00  0.000000000000E+00  0.000000000000E+00
    64  0.000000000000E+00  0.000000000000E+00  0.000000000000E+00 -1.038562367841E+04  0.000000000000E+00  0.000000000000E+00  0.000000000000E+00  0.000000000000E+00
    65  0.000000000000E+00  0.000000000000E+00  0.000000000000E+00 -1.038562368430E+04  0.000000000000E+00  0.000000000000E+00  0.000000000000E+00  0.000000000000E+00
    66  0.000000000000E+00  0.000000000000E+00  0.000000000000E+00 -1.038562366804E+04  0.000000000000E+00  0.000000000000E+00  0.000000000000E+00  0.000000000000E+00
    67  0.000000000000E+00  0.000000000000E+00  0.000000000000E+00 -1.038562363605E+04  0.000000000000E+00  0.000000000000E+00  0.000000000000E+00  0.000000000000E+00
    68  0.000000000000E+00  0.000000000000E+00  0.000000000000E+00 -1.038562351353E+04  0.000000000000E+00  0.000000000000E+00  0.000000000000E+00  0.000000000000E+00
    69  0.000000000000E+00  0.000000000000E+00  0.000000000000E+00 -1.038562355935E+04  0.000000000000E+00  0.000000000000E+00  0.000000000000E+00  0.000000000000E+00
    70  0.000000000000E+00  0.000000000000E+00  0.000000000000E+00 -1.038562360004E+04  0.000000000000E+00  0.000000000000E+00  0.000000000000E+00  0.000000000000E+00
    71  0.000000000000E+00  0.000000000000E+00  0.000000000000E+00 -1.038562362259E+04  0.000000000000E+00  0.000000000000E+00  0.000000000000E+00  0.000000000000E+00
    72  0.000000000000E+00  0.000000000000E+00  0.000000000000E+00 -1.038562361726E+04  0.000000000000E+00  0.000000000000E+00  0.000000000000E+00  0.000000000000E+00
    73  0.000000000000E+00  0.000000000000E+00  0.000000000000E+00 -1.038562363410E+04  0.000000000000E+00  0.000000000000E+00  0.000000000000E+00  0.000000000000E+00
    74  0.000000000000E+00  0.000000000000E+00  0.000000000000E+00 -1.038562360855E+04  0.000000000000E+00  0.000000000000E+00  0.000000000000E+00  0.000000000000E+00
    75  0.000000000000E+00  0.000000000000E+00  0.000000000000E+00 -1.038562364765E+04  0.000000000000E+00  0.000000000000E+00  0.000000000000E+00  0.000000000000E+00
    76  0.000000000000E+00  0.000000000000E+00  0.000000000000E+00 -1.038562367055E+04  0.000000000000E+00  0.000000000000E+00  0.000000000000E+00  0.000000000000E+00
    77  0.000000000000E+00  0.000000000000E+00  0.000000000000E+00 -1.038562367195E+04  0.000000000000E+00  0.000000000000E+00  0.000000000000E+00  0.000000000000E+00
    78  0.000000000000E+00  0.000000000000E+00  0.000000000000E+00 -1.038562364259E+04  0.000000000000E+00  0.000000000000E+00  0.000000000000E+00  0.000000000000E+00
    79  0.000000000000E+00  0.000000000000E+00  0.000000000000E+00 -1.038562362688E+04  0.000000000000E+00  0.000000000000E+00  0.000000000000E+00  0.000000000000E+00
    80  0.000000000000E+00  0.000000000000E+00  0.000000000000E+00 -1.038562361319E+04  0.000000000000E+00  0.000000000000E+00  0.000000000000E+00  0.000000000000E+00
    81  0.000000000000E+00  0.000000000000E+00  0.000000000000E+00 -1.038562362361E+04  0.000000000000E+00  0.000000000000E+00  0.000000000000E+00  0.000000000000E+00
    82  0.000000000000E+00  0.000000000000E+00  0.000000000000E+00 -1.038562362985E+04  0.000000000000E+00  0.000000000000E+00  0.000000000000E+00  0.000000000000E+00
    83  0.000000000000E+00  0.000000000000E+00  0.000000000000E+00 -1.038562367854E+04  0.000000000000E+00  0.000000000000E+00  0.000000000000E+00  0.000000000000E+00
    84  0.000000000000E+00  0.000000000000E+00  0.000000000000E+00 -1.038562367065E+04  0.000000000000E+00  0.000000000000E+00  0.000000000000E+00  0.000000000000E+00
    85  0.000000000000E+00  0.000000000000E+00  0.000000000000E+00 -1.038562369608E+04  0.000000000000E+00  0.000000000000E+00  0.000000000000E+00  0.000000000000E+00
    86  0.000000000000E+00  0.000000000000E+00  0.000000000000E+00 -1.038562368644E+04  0.000000000000E+00  0.000000000000E+00  0.000000000000E+00  0.000000000000E+00
    87  0.000000000000E+00  0.000000000000E+00  0.000000000000E+00 -1.038562369799E+04  0.000000000000E+00  0.000000000000E+00  0.000000000000E+00  0.000000000000E+00
    88  0.000000000000E+00  0.000000000000E+00  0.000000000000E+00 -1.038562370875E+04  0.000000000000E+00  0.000000000000E+00  0.000000000000E+00  0.000000000000E+00
    89  0.000000000000E+00  0.000000000000E+00  0.000000000000E+00 -1.038562374646E+04  0.000000000000E+00  0.000000000000E+00  0.000000000000E+00  0.000000000000E+00
    90  0.000000000000E+00  0.000000000000E+00  0.000000000000E+00 -1.038562375617E+04  0.000000000000E+00  0.000000000000E+00  0.000000000000E+00  0.000000000000E+00
    91  0.000000000000E+00  0.000000000000E+00  0.000000000000E+00 -1.038562375979E+04  0.000000000000E+00  0.000000000000E+00  0.000000000000E+00  0.000000000000E+00
    92  0.000000000000E+00  0.000000000000E+00  0.000000000000E+00 -1.038562375599E+04  0.000000000000E+00  0.000000000000E+00  0.000000000000E+00  0.000000000000E+00
    93  0.000000000000E+00  0.000000000000E+00  0.000000000000E+00 -1.038562376583E+04  0.000000000000E+00  0.000000000000E+00  0.000000000000E+00  0.000000000000E+00
    94  0.000000000000E+00  0.000000000000E+00  0.000000000000E+00 -1.038562377280E+04  0.000000000000E+00  0.000000000000E+00  0.000000000000E+00  0.000000000000E+00
    95  0.000000000000E+00  0.000000000000E+00  0.000000000000E+00 -1.038562377584E+04  0.000000000000E+00  0.000000000000E+00  0.000000000000E+00  0.000000000000E+00
    96  0.000000000000E+00  0.000000000000E+00  0.000000000000E+00 -1.038562377035E+04  0.000000000000E+00  0.000000000000E+00  0.000000000000E+00  0.000000000000E+00
    97  0.000000000000E+00  0.000000000000E+00  0.000000000000E+00 -1.038562377354E+04  0.000000000000E+00  0.000000000000E+00  0.000000000000E+00  0.000000000000E+00
    98  0.000000000000E+00  0.000000000000E+00  0.000000000000E+00 -1.038562377994E+04  0.000000000000E+00  0.000000000000E+00  0.000000000000E+00  0.000000000000E+00
    99  0.000000000000E+00  0.000000000000E+00  0.000000000000E+00 -1.038562377995E+04  0.000000000000E+00  0.000000000000E+00  0.000000000000E+00  0.000000000000E+00
   100  0.000000000000E+00  0.000000000000E+00  0.000000000000E+00 -1.038562378150E+04  0.000000000000E+00  0.000000000000E+00  0.000000000000E+00  0.000000000000E+00
