3.110299999999999727e+02 3.102099999999999795e+02 3.108000000000000114e+02 3.125199999999999818e+02 3.149499999999999886e+02 3.175099999999999909e+02 3.198799999999999955e+02 3.217500000000000000e+02 3.230000000000000000e+02 3.230000000000000000e+02 3.235000000000000000e+02 3.231999999999999886e+02 3.222400000000000091e+02 3.207099999999999795e+02 3.187799999999999727e+02 3.166499999999999773e+02 3.145099999999999909e+02 3.126100000000000136e+02 3.110299999999999727e+02
3.100099999999999909e+02 3.098899999999999864e+02 3.103199999999999932e+02 3.111700000000000159e+02 3.122900000000000205e+02 3.134399999999999977e+02 3.144700000000000273e+02 3.152500000000000000e+02 3.157099999999999795e+02 3.157099999999999795e+02 3.157900000000000205e+02 3.155099999999999909e+02 3.149200000000000159e+02 3.141100000000000136e+02 3.131499999999999773e+02 3.121600000000000250e+02 3.112500000000000000e+02 3.105199999999999818e+02 3.100099999999999909e+02
3.083100000000000023e+02 3.062699999999999818e+02 3.046600000000000250e+02 3.038299999999999841e+02 3.038500000000000227e+02 3.044300000000000068e+02 3.054900000000000091e+02 3.068399999999999750e+02 3.082699999999999818e+02 3.082699999999999818e+02 3.096800000000000068e+02 3.108899999999999864e+02 3.118000000000000114e+02 3.122699999999999818e+02 3.123299999999999841e+02 3.119399999999999977e+02 3.110799999999999841e+02 3.098600000000000136e+02 3.083100000000000023e+02
3.095699999999999932e+02 3.102400000000000091e+02 3.116299999999999955e+02 3.133999999999999773e+02 3.152099999999999795e+02 3.167699999999999818e+02 3.178700000000000045e+02 3.183999999999999773e+02 3.183799999999999955e+02 3.183799999999999955e+02 3.178100000000000023e+02 3.167900000000000205e+02 3.154900000000000091e+02 3.140500000000000114e+02 3.126000000000000227e+02 3.113000000000000114e+02 3.103100000000000023e+02 3.097200000000000273e+02 3.095699999999999932e+02
3.099800000000000182e+02 3.100799999999999841e+02 3.107599999999999909e+02 3.118299999999999841e+02 3.131000000000000227e+02 3.143399999999999750e+02 3.153600000000000136e+02 3.160500000000000114e+02 3.163600000000000136e+02 3.163600000000000136e+02 3.162599999999999909e+02 3.157799999999999727e+02 3.150099999999999909e+02 3.140500000000000114e+02 3.129800000000000182e+02 3.119300000000000068e+02 3.110299999999999727e+02 3.103700000000000045e+02 3.099800000000000182e+02
3.089100000000000250e+02 3.070699999999999932e+02 3.055000000000000000e+02 3.045199999999999818e+02 3.042500000000000000e+02 3.045099999999999909e+02 3.052900000000000205e+02 3.063999999999999773e+02 3.076700000000000159e+02 3.076700000000000159e+02 3.089900000000000091e+02 3.101899999999999977e+02 3.111700000000000159e+02 3.117699999999999818e+02 3.120199999999999818e+02 3.118500000000000227e+02 3.112300000000000182e+02 3.102300000000000182e+02 3.089100000000000250e+02
3.046600000000000250e+02 3.062500000000000000e+02 3.080299999999999727e+02 3.095600000000000023e+02 3.105400000000000205e+02 3.109800000000000182e+02 3.108199999999999932e+02 3.101899999999999977e+02 3.092300000000000182e+02 3.092300000000000182e+02 3.080500000000000114e+02 3.068199999999999932e+02 3.056499999999999773e+02 3.046800000000000068e+02 3.039399999999999977e+02 3.035000000000000000e+02 3.034700000000000273e+02 3.038500000000000227e+02 3.046600000000000250e+02
3.066899999999999977e+02 3.050400000000000205e+02 3.035099999999999909e+02 3.024499999999999886e+02 3.020400000000000205e+02 3.020899999999999750e+02 3.026000000000000227e+02 3.034200000000000159e+02 3.044200000000000159e+02 3.044200000000000159e+02 3.055299999999999727e+02 3.066100000000000136e+02 3.075799999999999841e+02 3.082799999999999727e+02 3.086999999999999886e+02 3.087699999999999818e+02 3.084399999999999977e+02 3.077400000000000091e+02 3.066899999999999977e+02
3.138899999999999864e+02 3.144800000000000182e+02 3.152099999999999795e+02 3.159599999999999795e+02 3.166000000000000227e+02 3.170699999999999932e+02 3.172699999999999818e+02 3.171800000000000068e+02 3.168600000000000136e+02 3.168600000000000136e+02 3.163299999999999841e+02 3.156800000000000068e+02 3.150000000000000000e+02 3.144100000000000250e+02 3.139200000000000159e+02 3.136100000000000136e+02 3.135099999999999909e+02 3.136100000000000136e+02 3.138899999999999864e+02
3.115299999999999727e+02 3.094100000000000250e+02 3.085000000000000000e+02 3.088700000000000045e+02 3.103299999999999841e+02 3.123399999999999750e+02 3.146499999999999773e+02 3.169399999999999977e+02 3.189399999999999977e+02 3.189399999999999977e+02 3.204599999999999795e+02 3.213000000000000114e+02 3.214700000000000273e+02 3.208899999999999864e+02 3.196999999999999886e+02 3.180199999999999818e+02 3.159599999999999795e+02 3.137599999999999909e+02 3.115299999999999727e+02
3.108299999999999841e+02 3.099900000000000091e+02 3.098199999999999932e+02 3.103000000000000114e+02 3.113100000000000023e+02 3.125799999999999841e+02 3.139399999999999977e+02 3.151899999999999977e+02 3.161999999999999886e+02 3.161999999999999886e+02 3.168500000000000227e+02 3.170600000000000023e+02 3.168600000000000136e+02 3.162599999999999909e+02 3.153600000000000136e+02 3.142599999999999909e+02 3.130500000000000114e+02 3.118899999999999864e+02 3.108299999999999841e+02
3.121100000000000136e+02 3.093299999999999841e+02 3.079300000000000068e+02 3.080899999999999750e+02 3.096399999999999864e+02 3.118999999999999773e+02 3.146100000000000136e+02 3.173600000000000136e+02 3.198399999999999750e+02 3.198399999999999750e+02 3.218100000000000023e+02 3.230099999999999909e+02 3.234300000000000068e+02 3.229399999999999977e+02 3.216999999999999886e+02 3.198399999999999750e+02 3.174700000000000273e+02 3.148600000000000136e+02 3.121100000000000136e+02
3.094100000000000250e+02 3.098799999999999955e+02 3.108199999999999932e+02 3.120299999999999727e+02 3.132799999999999727e+02 3.143799999999999955e+02 3.151600000000000250e+02 3.155400000000000205e+02 3.155400000000000205e+02 3.155400000000000205e+02 3.151399999999999864e+02 3.144200000000000159e+02 3.134900000000000091e+02 3.124800000000000182e+02 3.114599999999999795e+02 3.105600000000000023e+02 3.098799999999999955e+02 3.095000000000000000e+02 3.094100000000000250e+02
3.102099999999999795e+02 3.095000000000000000e+02 3.092500000000000000e+02 3.094700000000000273e+02 3.101200000000000045e+02 3.110099999999999909e+02 3.120199999999999818e+02 3.130000000000000000e+02 3.138199999999999932e+02 3.138199999999999932e+02 3.143999999999999773e+02 3.146600000000000250e+02 3.146100000000000136e+02 3.142300000000000182e+02 3.136100000000000136e+02 3.128100000000000023e+02 3.119200000000000159e+02 3.110400000000000205e+02 3.102099999999999795e+02
3.100400000000000205e+02 3.080500000000000114e+02 3.066899999999999977e+02 3.062099999999999795e+02 3.066100000000000136e+02 3.075799999999999841e+02 3.090000000000000000e+02 3.106299999999999955e+02 3.122599999999999909e+02 3.122599999999999909e+02 3.137200000000000273e+02 3.148299999999999841e+02 3.155099999999999909e+02 3.156499999999999773e+02 3.153100000000000023e+02 3.145000000000000000e+02 3.132699999999999818e+02 3.117599999999999909e+02 3.100400000000000205e+02
3.151100000000000136e+02 3.163700000000000045e+02 3.176399999999999864e+02 3.187200000000000273e+02 3.194200000000000159e+02 3.196999999999999886e+02 3.195000000000000000e+02 3.188700000000000045e+02 3.179599999999999795e+02 3.179599999999999795e+02 3.168600000000000136e+02 3.157500000000000000e+02 3.147500000000000000e+02 3.140199999999999818e+02 3.135699999999999932e+02 3.134599999999999795e+02 3.137200000000000273e+02 3.142900000000000205e+02 3.151100000000000136e+02
3.101399999999999864e+02 3.114900000000000091e+02 3.130099999999999909e+02 3.144200000000000159e+02 3.154599999999999795e+02 3.160600000000000023e+02 3.161100000000000136e+02 3.156499999999999773e+02 3.148199999999999932e+02 3.148199999999999932e+02 3.137099999999999795e+02 3.124800000000000182e+02 3.112699999999999818e+02 3.102699999999999818e+02 3.095000000000000000e+02 3.090699999999999932e+02 3.090500000000000114e+02 3.094200000000000159e+02 3.101399999999999864e+02
3.076600000000000250e+02 3.059100000000000250e+02 3.043700000000000045e+02 3.033700000000000045e+02 3.030500000000000114e+02 3.032300000000000182e+02 3.038899999999999864e+02 3.048700000000000045e+02 3.060299999999999727e+02 3.060299999999999727e+02 3.072500000000000000e+02 3.083899999999999864e+02 3.093500000000000227e+02 3.099800000000000182e+02 3.103000000000000114e+02 3.102300000000000182e+02 3.097400000000000091e+02 3.088700000000000045e+02 3.076600000000000250e+02
3.108999999999999773e+02 3.098799999999999955e+02 3.094300000000000068e+02 3.096000000000000227e+02 3.103399999999999750e+02 3.114100000000000250e+02 3.126600000000000250e+02 3.139200000000000159e+02 3.150099999999999909e+02 3.150099999999999909e+02 3.158299999999999841e+02 3.162500000000000000e+02 3.162900000000000205e+02 3.159200000000000159e+02 3.152200000000000273e+02 3.142699999999999818e+02 3.131600000000000250e+02 3.120099999999999909e+02 3.108999999999999773e+02
3.068700000000000045e+02 3.082400000000000091e+02 3.103700000000000045e+02 3.127200000000000273e+02 3.147799999999999727e+02 3.163500000000000227e+02 3.171800000000000068e+02 3.172599999999999909e+02 3.167200000000000273e+02 3.167200000000000273e+02 3.156100000000000136e+02 3.141100000000000136e+02 3.124100000000000250e+02 3.107200000000000273e+02 3.091299999999999955e+02 3.078199999999999932e+02 3.069499999999999886e+02 3.066200000000000045e+02 3.068700000000000045e+02
3.098399999999999750e+02 3.101800000000000068e+02 3.114599999999999795e+02 3.133299999999999841e+02 3.153999999999999773e+02 3.173100000000000023e+02 3.187900000000000205e+02 3.196899999999999977e+02 3.199900000000000091e+02 3.199900000000000091e+02 3.196499999999999773e+02 3.187599999999999909e+02 3.174700000000000273e+02 3.159300000000000068e+02 3.142599999999999909e+02 3.126700000000000159e+02 3.113199999999999932e+02 3.103600000000000136e+02 3.098399999999999750e+02
3.088600000000000136e+02 3.101600000000000250e+02 3.117400000000000091e+02 3.132599999999999909e+02 3.144499999999999886e+02 3.152200000000000273e+02 3.154200000000000159e+02 3.151000000000000227e+02 3.143700000000000045e+02 3.143700000000000045e+02 3.133000000000000114e+02 3.120699999999999932e+02 3.108100000000000023e+02 3.096999999999999886e+02 3.087900000000000205e+02 3.081999999999999886e+02 3.080099999999999909e+02 3.082400000000000091e+02 3.088600000000000136e+02
3.102599999999999909e+02 3.108199999999999932e+02 3.115899999999999750e+02 3.124200000000000159e+02 3.131800000000000068e+02 3.137699999999999818e+02 3.140899999999999750e+02 3.141100000000000136e+02 3.138700000000000045e+02 3.138700000000000045e+02 3.133799999999999955e+02 3.127300000000000182e+02 3.120099999999999909e+02 3.113299999999999841e+02 3.107200000000000273e+02 3.102799999999999727e+02 3.100500000000000114e+02 3.100500000000000114e+02 3.102599999999999909e+02
3.088000000000000114e+02 3.098100000000000023e+02 3.113600000000000136e+02 3.130899999999999750e+02 3.146800000000000068e+02 3.159200000000000159e+02 3.166299999999999955e+02 3.167599999999999909e+02 3.163799999999999955e+02 3.163799999999999955e+02 3.155400000000000205e+02 3.143700000000000045e+02 3.130299999999999727e+02 3.116899999999999977e+02 3.104399999999999977e+02 3.094300000000000068e+02 3.087900000000000205e+02 3.085799999999999841e+02 3.088000000000000114e+02
3.084900000000000091e+02 3.087500000000000000e+02 3.091600000000000250e+02 3.096399999999999864e+02 3.101100000000000136e+02 3.105099999999999909e+02 3.107699999999999818e+02 3.108500000000000227e+02 3.107799999999999727e+02 3.107799999999999727e+02 3.105400000000000205e+02 3.101899999999999977e+02 3.097799999999999727e+02 3.093600000000000136e+02 3.089700000000000273e+02 3.086700000000000159e+02 3.084900000000000091e+02 3.084300000000000068e+02 3.084900000000000091e+02
3.084599999999999795e+02 3.096999999999999886e+02 3.112699999999999818e+02 3.128600000000000136e+02 3.141399999999999864e+02 3.150199999999999818e+02 3.153399999999999750e+02 3.151200000000000045e+02 3.144700000000000273e+02 3.144700000000000273e+02 3.134599999999999795e+02 3.122500000000000000e+02 3.109700000000000273e+02 3.098100000000000023e+02 3.088199999999999932e+02 3.081299999999999955e+02 3.078299999999999841e+02 3.079399999999999977e+02 3.084599999999999795e+02
3.094700000000000273e+02 3.101200000000000045e+02 3.114300000000000068e+02 3.130899999999999750e+02 3.147799999999999727e+02 3.162400000000000091e+02 3.172599999999999909e+02 3.177400000000000091e+02 3.177099999999999795e+02 3.177099999999999795e+02 3.171600000000000250e+02 3.161899999999999977e+02 3.149499999999999886e+02 3.136000000000000227e+02 3.122400000000000091e+02 3.110299999999999727e+02 3.101100000000000136e+02 3.095899999999999750e+02 3.094700000000000273e+02
3.069700000000000273e+02 3.084100000000000250e+02 3.101800000000000068e+02 3.118899999999999864e+02 3.132200000000000273e+02 3.140600000000000023e+02 3.142799999999999727e+02 3.139399999999999977e+02 3.131600000000000250e+02 3.131600000000000250e+02 3.120299999999999727e+02 3.107099999999999795e+02 3.093600000000000136e+02 3.081600000000000250e+02 3.071399999999999864e+02 3.064499999999999886e+02 3.061700000000000159e+02 3.063500000000000227e+02 3.069700000000000273e+02
3.081299999999999955e+02 3.062500000000000000e+02 3.048199999999999932e+02 3.041100000000000136e+02 3.041800000000000068e+02 3.047699999999999818e+02 3.058100000000000023e+02 3.071100000000000136e+02 3.084900000000000091e+02 3.084900000000000091e+02 3.098299999999999841e+02 3.109499999999999886e+02 3.117699999999999818e+02 3.121600000000000250e+02 3.121399999999999864e+02 3.116999999999999886e+02 3.108199999999999932e+02 3.096100000000000136e+02 3.081299999999999955e+02
3.032599999999999909e+02 3.046299999999999955e+02 3.064700000000000273e+02 3.082699999999999818e+02 3.096100000000000136e+02 3.104300000000000068e+02 3.106000000000000227e+02 3.101999999999999886e+02 3.093999999999999773e+02 3.093999999999999773e+02 3.083000000000000114e+02 3.070600000000000023e+02 3.058100000000000023e+02 3.046899999999999977e+02 3.037400000000000091e+02 3.030500000000000114e+02 3.027200000000000273e+02 3.027799999999999727e+02 3.032599999999999909e+02
3.093600000000000136e+02 3.075699999999999932e+02 3.061200000000000045e+02 3.052599999999999909e+02 3.051299999999999955e+02 3.055199999999999818e+02 3.063999999999999773e+02 3.076000000000000227e+02 3.089300000000000068e+02 3.089300000000000068e+02 3.102500000000000000e+02 3.114100000000000250e+02 3.122900000000000205e+02 3.127699999999999818e+02 3.128600000000000136e+02 3.125400000000000205e+02 3.118000000000000114e+02 3.107099999999999795e+02 3.093600000000000136e+02
3.097699999999999818e+02 3.101399999999999864e+02 3.110500000000000114e+02 3.123000000000000114e+02 3.136499999999999773e+02 3.148700000000000045e+02 3.158000000000000114e+02 3.163199999999999932e+02 3.164399999999999977e+02 3.164399999999999977e+02 3.161299999999999955e+02 3.154499999999999886e+02 3.145099999999999909e+02 3.134399999999999977e+02 3.123299999999999841e+02 3.113100000000000023e+02 3.105000000000000000e+02 3.099800000000000182e+02 3.097699999999999818e+02
3.036700000000000159e+02 3.051800000000000068e+02 3.070099999999999909e+02 3.086700000000000159e+02 3.097900000000000205e+02 3.103600000000000136e+02 3.103000000000000114e+02 3.097200000000000273e+02 3.088100000000000023e+02 3.088100000000000023e+02 3.076499999999999773e+02 3.064300000000000068e+02 3.052400000000000091e+02 3.042400000000000091e+02 3.034399999999999977e+02 3.029100000000000250e+02 3.027599999999999909e+02 3.030000000000000000e+02 3.036700000000000159e+02
3.095799999999999841e+02 3.101999999999999886e+02 3.113399999999999750e+02 3.127200000000000273e+02 3.141100000000000136e+02 3.152799999999999727e+02 3.160799999999999841e+02 3.164100000000000250e+02 3.163199999999999932e+02 3.163199999999999932e+02 3.157900000000000205e+02 3.149300000000000068e+02 3.138600000000000136e+02 3.127200000000000273e+02 3.116000000000000227e+02 3.106299999999999955e+02 3.099399999999999977e+02 3.095799999999999841e+02 3.095799999999999841e+02
3.113199999999999932e+02 3.108799999999999955e+02 3.106299999999999955e+02 3.106100000000000136e+02 3.108199999999999932e+02 3.112099999999999795e+02 3.117200000000000273e+02 3.122699999999999818e+02 3.127900000000000205e+02 3.127900000000000205e+02 3.131899999999999977e+02 3.134300000000000068e+02 3.135000000000000000e+02 3.133700000000000045e+02 3.130899999999999750e+02 3.126999999999999886e+02 3.122400000000000091e+02 3.117699999999999818e+02 3.113199999999999932e+02
3.132900000000000205e+02 3.126000000000000227e+02 3.121800000000000068e+02 3.120699999999999932e+02 3.123000000000000114e+02 3.127900000000000205e+02 3.134800000000000182e+02 3.142500000000000000e+02 3.149900000000000091e+02 3.149900000000000091e+02 3.156100000000000136e+02 3.160099999999999909e+02 3.161700000000000159e+02 3.160699999999999932e+02 3.157500000000000000e+02 3.152400000000000091e+02 3.146200000000000045e+02 3.139499999999999886e+02 3.132900000000000205e+02
3.113000000000000114e+02 3.101399999999999864e+02 3.103999999999999773e+02 3.118700000000000045e+02 3.141499999999999773e+02 3.166899999999999977e+02 3.191399999999999864e+02 3.212099999999999795e+02 3.227200000000000273e+02 3.227200000000000273e+02 3.235000000000000000e+02 3.234900000000000091e+02 3.227699999999999818e+02 3.213999999999999773e+02 3.195500000000000114e+02 3.174200000000000159e+02 3.151899999999999977e+02 3.131100000000000136e+02 3.113000000000000114e+02
3.106499999999999773e+02 3.097900000000000205e+02 3.093999999999999773e+02 3.095000000000000000e+02 3.100699999999999932e+02 3.109200000000000159e+02 3.119700000000000273e+02 3.130299999999999727e+02 3.139700000000000273e+02 3.139700000000000273e+02 3.146800000000000068e+02 3.150699999999999932e+02 3.151299999999999955e+02 3.148299999999999841e+02 3.142599999999999909e+02 3.134700000000000273e+02 3.125299999999999727e+02 3.115799999999999841e+02 3.106499999999999773e+02
3.085500000000000114e+02 3.066899999999999977e+02 3.052699999999999818e+02 3.045600000000000023e+02 3.046100000000000136e+02 3.051899999999999977e+02 3.062200000000000273e+02 3.075299999999999727e+02 3.089200000000000159e+02 3.089200000000000159e+02 3.102599999999999909e+02 3.113899999999999864e+02 3.122099999999999795e+02 3.125899999999999750e+02 3.125699999999999932e+02 3.121200000000000045e+02 3.112400000000000091e+02 3.100299999999999727e+02 3.085500000000000114e+02
3.150299999999999727e+02 3.161999999999999886e+02 3.174300000000000068e+02 3.185199999999999818e+02 3.192699999999999818e+02 3.196499999999999773e+02 3.195600000000000023e+02 3.190500000000000114e+02 3.182400000000000091e+02 3.182400000000000091e+02 3.172200000000000273e+02 3.161399999999999864e+02 3.151499999999999773e+02 3.143799999999999955e+02 3.138700000000000045e+02 3.136800000000000068e+02 3.138399999999999750e+02 3.143100000000000023e+02 3.150299999999999727e+02
3.094200000000000159e+02 3.101700000000000159e+02 3.113500000000000227e+02 3.127200000000000273e+02 3.140199999999999818e+02 3.150899999999999750e+02 3.157500000000000000e+02 3.159499999999999886e+02 3.157400000000000091e+02 3.157400000000000091e+02 3.151200000000000045e+02 3.142099999999999795e+02 3.131200000000000045e+02 3.120199999999999818e+02 3.109700000000000273e+02 3.101000000000000227e+02 3.095299999999999727e+02 3.093100000000000023e+02 3.094200000000000159e+02
3.082200000000000273e+02 3.097500000000000000e+02 3.114599999999999795e+02 3.130099999999999909e+02 3.141000000000000227e+02 3.146899999999999977e+02 3.146600000000000250e+02 3.140899999999999750e+02 3.131499999999999773e+02 3.131499999999999773e+02 3.119200000000000159e+02 3.106000000000000227e+02 3.093199999999999932e+02 3.082699999999999818e+02 3.074599999999999795e+02 3.070199999999999818e+02 3.070000000000000000e+02 3.074100000000000250e+02 3.082200000000000273e+02
3.133799999999999955e+02 3.139800000000000182e+02 3.147099999999999795e+02 3.154800000000000182e+02 3.161299999999999955e+02 3.166100000000000136e+02 3.168199999999999932e+02 3.167400000000000091e+02 3.164100000000000250e+02 3.164100000000000250e+02 3.158799999999999955e+02 3.152200000000000273e+02 3.145400000000000205e+02 3.139300000000000068e+02 3.134300000000000068e+02 3.131100000000000136e+02 3.130000000000000000e+02 3.131000000000000227e+02 3.133799999999999955e+02
3.111399999999999864e+02 3.098000000000000114e+02 3.090400000000000205e+02 3.089599999999999795e+02 3.095600000000000023e+02 3.105699999999999932e+02 3.118799999999999955e+02 3.132699999999999818e+02 3.145699999999999932e+02 3.145699999999999932e+02 3.156299999999999955e+02 3.163100000000000023e+02 3.165699999999999932e+02 3.163799999999999955e+02 3.158000000000000114e+02 3.148999999999999773e+02 3.137300000000000182e+02 3.124599999999999795e+02 3.111399999999999864e+02
3.108999999999999773e+02 3.101000000000000227e+02 3.096600000000000250e+02 3.096299999999999955e+02 3.100299999999999727e+02 3.106999999999999886e+02 3.115799999999999841e+02 3.125099999999999909e+02 3.133600000000000136e+02 3.133600000000000136e+02 3.140500000000000114e+02 3.144599999999999795e+02 3.145899999999999750e+02 3.144100000000000250e+02 3.139700000000000273e+02 3.133199999999999932e+02 3.125400000000000205e+02 3.117200000000000273e+02 3.108999999999999773e+02
3.169300000000000068e+02 3.160500000000000114e+02 3.153999999999999773e+02 3.150799999999999841e+02 3.151399999999999864e+02 3.155299999999999727e+02 3.161999999999999886e+02 3.170500000000000114e+02 3.179300000000000068e+02 3.179300000000000068e+02 3.187300000000000182e+02 3.193399999999999750e+02 3.196999999999999886e+02 3.197500000000000000e+02 3.195299999999999727e+02 3.190799999999999841e+02 3.184499999999999886e+02 3.177099999999999795e+02 3.169300000000000068e+02
3.100000000000000000e+02 3.094499999999999886e+02 3.093600000000000136e+02 3.097300000000000182e+02 3.104700000000000273e+02 3.113999999999999773e+02 3.123899999999999864e+02 3.133000000000000114e+02 3.140199999999999818e+02 3.140199999999999818e+02 3.144599999999999795e+02 3.145899999999999750e+02 3.143999999999999773e+02 3.139300000000000068e+02 3.132500000000000000e+02 3.124300000000000068e+02 3.115500000000000114e+02 3.107300000000000182e+02 3.100000000000000000e+02
3.148799999999999955e+02 3.159800000000000182e+02 3.171899999999999977e+02 3.182900000000000205e+02 3.191000000000000227e+02 3.195600000000000023e+02 3.195600000000000023e+02 3.191399999999999864e+02 3.183999999999999773e+02 3.183999999999999773e+02 3.174300000000000068e+02 3.163799999999999955e+02 3.153899999999999864e+02 3.145899999999999750e+02 3.140199999999999818e+02 3.137599999999999909e+02 3.138399999999999750e+02 3.142300000000000182e+02 3.148799999999999955e+02
3.172300000000000182e+02 3.161600000000000250e+02 3.153199999999999932e+02 3.148600000000000136e+02 3.148299999999999841e+02 3.151899999999999977e+02 3.158999999999999773e+02 3.168399999999999750e+02 3.178500000000000227e+02 3.178500000000000227e+02 3.188100000000000023e+02 3.195699999999999932e+02 3.200699999999999932e+02 3.202200000000000273e+02 3.200699999999999932e+02 3.196299999999999955e+02 3.189599999999999795e+02 3.181299999999999955e+02 3.172300000000000182e+02
3.130799999999999841e+02 3.122699999999999818e+02 3.117500000000000000e+02 3.115899999999999750e+02 3.118199999999999932e+02 3.123399999999999750e+02 3.131000000000000227e+02 3.139599999999999795e+02 3.148100000000000023e+02 3.148100000000000023e+02 3.155199999999999818e+02 3.160099999999999909e+02 3.162400000000000091e+02 3.161600000000000250e+02 3.158299999999999841e+02 3.153000000000000114e+02 3.146000000000000227e+02 3.138500000000000227e+02 3.130799999999999841e+02
3.099399999999999977e+02 3.103899999999999864e+02 3.110000000000000000e+02 3.116600000000000250e+02 3.122699999999999818e+02 3.127500000000000000e+02 3.130099999999999909e+02 3.130299999999999727e+02 3.128399999999999750e+02 3.128399999999999750e+02 3.124499999999999886e+02 3.119200000000000159e+02 3.113399999999999750e+02 3.107900000000000205e+02 3.103100000000000023e+02 3.099599999999999795e+02 3.097799999999999727e+02 3.097799999999999727e+02 3.099399999999999977e+02
3.071100000000000136e+02 3.069800000000000182e+02 3.070299999999999727e+02 3.072300000000000182e+02 3.075600000000000023e+02 3.079499999999999886e+02 3.083399999999999750e+02 3.086800000000000068e+02 3.089200000000000159e+02 3.089200000000000159e+02 3.090400000000000205e+02 3.090199999999999818e+02 3.088700000000000045e+02 3.086200000000000045e+02 3.083100000000000023e+02 3.079599999999999795e+02 3.076299999999999955e+02 3.073399999999999750e+02 3.071100000000000136e+02
3.197900000000000205e+02 3.186999999999999886e+02 3.177699999999999818e+02 3.171600000000000250e+02 3.169800000000000182e+02 3.171800000000000068e+02 3.177699999999999818e+02 3.186399999999999864e+02 3.196299999999999955e+02 3.196299999999999955e+02 3.206200000000000045e+02 3.214700000000000273e+02 3.220799999999999841e+02 3.223600000000000136e+02 3.223399999999999750e+02 3.220199999999999818e+02 3.214300000000000068e+02 3.206700000000000159e+02 3.197900000000000205e+02
3.112099999999999795e+02 3.098700000000000045e+02 3.091299999999999955e+02 3.091000000000000227e+02 3.097500000000000000e+02 3.108100000000000023e+02 3.121800000000000068e+02 3.136100000000000136e+02 3.149300000000000068e+02 3.149300000000000068e+02 3.159900000000000091e+02 3.166499999999999773e+02 3.168899999999999864e+02 3.166600000000000250e+02 3.160299999999999727e+02 3.150799999999999841e+02 3.138700000000000045e+02 3.125600000000000023e+02 3.112099999999999795e+02
3.135600000000000023e+02 3.125299999999999727e+02 3.118199999999999932e+02 3.115400000000000205e+02 3.117200000000000273e+02 3.122699999999999818e+02 3.131200000000000045e+02 3.141299999999999955e+02 3.151399999999999864e+02 3.151399999999999864e+02 3.160299999999999727e+02 3.166800000000000068e+02 3.170299999999999727e+02 3.170299999999999727e+02 3.167300000000000182e+02 3.161700000000000159e+02 3.153899999999999864e+02 3.145000000000000000e+02 3.135600000000000023e+02
3.096700000000000159e+02 3.098299999999999841e+02 3.105000000000000000e+02 3.115199999999999818e+02 3.126899999999999977e+02 3.138100000000000023e+02 3.147200000000000273e+02 3.153100000000000023e+02 3.155500000000000114e+02 3.155500000000000114e+02 3.153999999999999773e+02 3.149100000000000250e+02 3.141600000000000250e+02 3.132599999999999909e+02 3.122699999999999818e+02 3.113299999999999841e+02 3.105299999999999727e+02 3.099700000000000273e+02 3.096700000000000159e+02
3.104399999999999977e+02 3.102599999999999909e+02 3.109499999999999886e+02 3.122900000000000205e+02 3.140000000000000000e+02 3.157300000000000182e+02 3.172400000000000091e+02 3.183500000000000227e+02 3.189900000000000091e+02 3.189900000000000091e+02 3.190799999999999841e+02 3.186299999999999955e+02 3.177599999999999909e+02 3.165600000000000023e+02 3.151499999999999773e+02 3.136899999999999977e+02 3.123399999999999750e+02 3.112300000000000182e+02 3.104399999999999977e+02
3.099300000000000068e+02 3.094900000000000091e+02 3.095099999999999909e+02 3.099800000000000182e+02 3.107799999999999727e+02 3.117400000000000091e+02 3.127200000000000273e+02 3.135799999999999841e+02 3.142400000000000091e+02 3.142400000000000091e+02 3.146000000000000227e+02 3.146299999999999955e+02 3.143600000000000136e+02 3.138299999999999841e+02 3.130899999999999750e+02 3.122500000000000000e+02 3.113899999999999864e+02 3.106000000000000227e+02 3.099300000000000068e+02
3.093799999999999955e+02 3.102200000000000273e+02 3.114499999999999886e+02 3.128299999999999841e+02 3.140899999999999750e+02 3.150899999999999750e+02 3.156499999999999773e+02 3.157500000000000000e+02 3.154399999999999977e+02 3.154399999999999977e+02 3.147500000000000000e+02 3.137799999999999727e+02 3.126800000000000068e+02 3.115899999999999750e+02 3.105899999999999750e+02 3.097900000000000205e+02 3.093000000000000114e+02 3.091700000000000159e+02 3.093799999999999955e+02
3.111299999999999955e+02 3.101700000000000159e+02 3.096299999999999955e+02 3.095799999999999841e+02 3.100299999999999727e+02 3.107900000000000205e+02 3.117900000000000205e+02 3.128700000000000045e+02 3.138799999999999955e+02 3.138799999999999955e+02 3.146899999999999977e+02 3.151999999999999886e+02 3.153700000000000045e+02 3.151899999999999977e+02 3.147099999999999795e+02 3.139700000000000273e+02 3.130699999999999932e+02 3.121000000000000227e+02 3.111299999999999955e+02
3.062400000000000091e+02 3.062099999999999795e+02 3.063100000000000023e+02 3.065199999999999818e+02 3.068000000000000114e+02 3.071100000000000136e+02 3.073999999999999773e+02 3.076200000000000045e+02 3.077599999999999909e+02 3.077599999999999909e+02 3.077900000000000205e+02 3.077200000000000273e+02 3.075500000000000114e+02 3.073199999999999932e+02 3.070600000000000023e+02 3.067900000000000205e+02 3.065500000000000114e+02 3.063700000000000045e+02 3.062400000000000091e+02
3.104399999999999977e+02 3.096600000000000250e+02 3.093500000000000227e+02 3.095199999999999818e+02 3.101499999999999773e+02 3.110400000000000205e+02 3.120799999999999841e+02 3.131100000000000136e+02 3.140000000000000000e+02 3.140000000000000000e+02 3.146399999999999864e+02 3.149599999999999795e+02 3.149499999999999886e+02 3.146000000000000227e+02 3.139900000000000091e+02 3.131800000000000068e+02 3.122599999999999909e+02 3.113299999999999841e+02 3.104399999999999977e+02
3.081499999999999773e+02 3.092900000000000205e+02 3.114300000000000068e+02 3.140199999999999818e+02 3.165000000000000000e+02 3.185400000000000205e+02 3.198500000000000227e+02 3.203399999999999750e+02 3.201100000000000136e+02 3.201100000000000136e+02 3.191499999999999773e+02 3.176499999999999773e+02 3.158199999999999932e+02 3.138700000000000045e+02 3.119399999999999977e+02 3.102400000000000091e+02 3.089599999999999795e+02 3.082400000000000091e+02 3.081499999999999773e+02
3.051800000000000068e+02 3.066600000000000250e+02 3.086399999999999864e+02 3.106299999999999955e+02 3.121999999999999886e+02 3.132300000000000182e+02 3.135699999999999932e+02 3.132799999999999727e+02 3.125099999999999909e+02 3.125099999999999909e+02 3.113500000000000227e+02 3.099599999999999795e+02 3.085099999999999909e+02 3.071800000000000068e+02 3.060000000000000000e+02 3.051299999999999955e+02 3.046600000000000250e+02 3.046700000000000159e+02 3.051800000000000068e+02
3.076999999999999886e+02 3.077599999999999909e+02 3.080199999999999818e+02 3.084300000000000068e+02 3.089300000000000068e+02 3.094300000000000068e+02 3.098500000000000227e+02 3.101399999999999864e+02 3.102799999999999727e+02 3.102799999999999727e+02 3.102400000000000091e+02 3.100299999999999727e+02 3.096999999999999886e+02 3.093000000000000114e+02 3.088600000000000136e+02 3.084399999999999977e+02 3.080899999999999750e+02 3.078399999999999750e+02 3.076999999999999886e+02
3.083600000000000136e+02 3.086600000000000250e+02 3.091399999999999864e+02 3.097099999999999795e+02 3.102699999999999818e+02 3.107400000000000091e+02 3.110600000000000023e+02 3.111800000000000068e+02 3.111100000000000136e+02 3.111100000000000136e+02 3.108500000000000227e+02 3.104499999999999886e+02 3.099599999999999795e+02 3.094700000000000273e+02 3.090099999999999909e+02 3.086399999999999864e+02 3.083999999999999773e+02 3.083100000000000023e+02 3.083600000000000136e+02
3.113199999999999932e+02 3.099300000000000068e+02 3.090000000000000000e+02 3.086800000000000068e+02 3.090099999999999909e+02 3.097900000000000205e+02 3.109200000000000159e+02 3.122200000000000273e+02 3.135000000000000000e+02 3.135000000000000000e+02 3.146100000000000136e+02 3.154100000000000250e+02 3.158500000000000227e+02 3.158500000000000227e+02 3.154800000000000182e+02 3.147599999999999909e+02 3.137500000000000000e+02 3.125799999999999841e+02 3.113199999999999932e+02
3.110899999999999750e+02 3.095400000000000205e+02 3.085400000000000205e+02 3.082200000000000273e+02 3.086299999999999955e+02 3.095099999999999909e+02 3.107699999999999818e+02 3.121999999999999886e+02 3.135899999999999750e+02 3.135899999999999750e+02 3.148000000000000114e+02 3.156700000000000159e+02 3.161299999999999955e+02 3.161299999999999955e+02 3.157099999999999795e+02 3.149100000000000250e+02 3.138000000000000114e+02 3.125000000000000000e+02 3.110899999999999750e+02
3.102500000000000000e+02 3.095699999999999932e+02 3.092900000000000205e+02 3.094200000000000159e+02 3.099499999999999886e+02 3.107099999999999795e+02 3.116200000000000045e+02 3.125199999999999818e+02 3.133100000000000023e+02 3.133100000000000023e+02 3.138899999999999864e+02 3.141800000000000068e+02 3.141800000000000068e+02 3.138799999999999955e+02 3.133399999999999750e+02 3.126399999999999864e+02 3.118299999999999841e+02 3.110199999999999818e+02 3.102500000000000000e+02
3.137200000000000273e+02 3.146800000000000068e+02 3.157599999999999909e+02 3.168000000000000114e+02 3.176200000000000045e+02 3.181299999999999955e+02 3.182400000000000091e+02 3.179599999999999795e+02 3.173700000000000045e+02 3.173700000000000045e+02 3.165400000000000205e+02 3.155899999999999750e+02 3.146600000000000250e+02 3.138799999999999955e+02 3.132799999999999727e+02 3.129499999999999886e+02 3.129300000000000068e+02 3.131999999999999886e+02 3.137200000000000273e+02
3.036999999999999886e+02 3.051999999999999886e+02 3.068799999999999955e+02 3.083000000000000114e+02 3.091700000000000159e+02 3.095099999999999909e+02 3.092799999999999727e+02 3.086100000000000136e+02 3.076700000000000159e+02 3.076700000000000159e+02 3.065600000000000023e+02 3.054300000000000068e+02 3.043799999999999955e+02 3.035299999999999727e+02 3.028999999999999773e+02 3.025500000000000114e+02 3.025500000000000114e+02 3.029300000000000068e+02 3.036999999999999886e+02
3.062099999999999795e+02 3.061100000000000136e+02 3.061200000000000045e+02 3.062599999999999909e+02 3.064900000000000091e+02 3.067699999999999818e+02 3.070600000000000023e+02 3.073100000000000023e+02 3.075000000000000000e+02 3.075000000000000000e+02 3.076000000000000227e+02 3.076000000000000227e+02 3.075000000000000000e+02 3.073199999999999932e+02 3.070899999999999750e+02 3.068399999999999750e+02 3.066000000000000227e+02 3.063799999999999955e+02 3.062099999999999795e+02
3.094800000000000182e+02 3.098500000000000227e+02 3.103700000000000045e+02 3.109499999999999886e+02 3.115000000000000000e+02 3.119399999999999977e+02 3.121899999999999977e+02 3.122400000000000091e+02 3.120899999999999750e+02 3.120899999999999750e+02 3.117599999999999909e+02 3.113100000000000023e+02 3.108000000000000114e+02 3.103100000000000023e+02 3.098700000000000045e+02 3.095500000000000114e+02 3.093799999999999955e+02 3.093600000000000136e+02 3.094800000000000182e+02
3.173999999999999773e+02 3.162599999999999909e+02 3.153399999999999750e+02 3.147799999999999727e+02 3.146800000000000068e+02 3.149700000000000273e+02 3.156600000000000250e+02 3.166000000000000227e+02 3.176499999999999773e+02 3.176499999999999773e+02 3.186600000000000250e+02 3.195099999999999909e+02 3.200799999999999841e+02 3.203100000000000023e+02 3.202200000000000273e+02 3.198299999999999841e+02 3.191700000000000159e+02 3.183399999999999750e+02 3.173999999999999773e+02
3.177200000000000273e+02 3.164900000000000091e+02 3.154399999999999977e+02 3.147300000000000182e+02 3.144900000000000091e+02 3.146800000000000068e+02 3.153000000000000114e+02 3.162200000000000273e+02 3.173000000000000114e+02 3.173000000000000114e+02 3.183899999999999864e+02 3.193399999999999750e+02 3.200400000000000205e+02 3.203899999999999864e+02 3.204200000000000159e+02 3.201100000000000136e+02 3.195000000000000000e+02 3.186899999999999977e+02 3.177200000000000273e+02
3.091499999999999773e+02 3.099900000000000091e+02 3.113700000000000045e+02 3.129900000000000091e+02 3.145299999999999727e+02 3.157799999999999727e+02 3.165600000000000023e+02 3.168000000000000114e+02 3.165600000000000023e+02 3.165600000000000023e+02 3.158600000000000136e+02 3.148100000000000023e+02 3.135699999999999932e+02 3.122900000000000205e+02 3.110699999999999932e+02 3.100500000000000114e+02 3.093500000000000227e+02 3.090500000000000114e+02 3.091499999999999773e+02
3.112500000000000000e+02 3.098899999999999864e+02 3.090000000000000000e+02 3.086999999999999886e+02 3.090400000000000205e+02 3.098199999999999932e+02 3.109399999999999977e+02 3.122200000000000273e+02 3.134900000000000091e+02 3.134900000000000091e+02 3.145899999999999750e+02 3.153799999999999955e+02 3.158000000000000114e+02 3.157900000000000205e+02 3.153999999999999773e+02 3.146800000000000068e+02 3.136600000000000250e+02 3.125000000000000000e+02 3.112500000000000000e+02
3.175500000000000114e+02 3.166100000000000136e+02 3.158899999999999864e+02 3.154900000000000091e+02 3.154900000000000091e+02 3.158299999999999841e+02 3.164900000000000091e+02 3.173500000000000227e+02 3.182599999999999909e+02 3.182599999999999909e+02 3.191200000000000045e+02 3.197900000000000205e+02 3.202099999999999795e+02 3.203199999999999932e+02 3.201499999999999773e+02 3.197300000000000182e+02 3.191100000000000136e+02 3.183600000000000136e+02 3.175500000000000114e+02
3.116999999999999886e+02 3.098600000000000136e+02 3.095799999999999841e+02 3.107500000000000000e+02 3.129900000000000091e+02 3.156600000000000250e+02 3.184399999999999977e+02 3.209499999999999886e+02 3.229700000000000273e+02 3.229700000000000273e+02 3.242599999999999909e+02 3.246899999999999977e+02 3.243100000000000023e+02 3.231200000000000045e+02 3.213000000000000114e+02 3.190500000000000114e+02 3.165299999999999727e+02 3.140400000000000205e+02 3.116999999999999886e+02
3.098899999999999864e+02 3.081899999999999977e+02 3.068899999999999864e+02 3.062300000000000182e+02 3.062900000000000205e+02 3.068600000000000136e+02 3.078799999999999955e+02 3.091700000000000159e+02 3.105299999999999727e+02 3.105299999999999727e+02 3.118299999999999841e+02 3.128999999999999773e+02 3.136399999999999864e+02 3.139399999999999977e+02 3.138500000000000227e+02 3.133500000000000227e+02 3.124499999999999886e+02 3.112699999999999818e+02 3.098899999999999864e+02
3.097099999999999795e+02 3.080000000000000000e+02 3.065799999999999841e+02 3.057099999999999795e+02 3.055199999999999818e+02 3.058600000000000136e+02 3.066899999999999977e+02 3.078399999999999750e+02 3.091299999999999955e+02 3.091299999999999955e+02 3.104200000000000159e+02 3.115600000000000023e+02 3.124300000000000068e+02 3.129200000000000159e+02 3.130299999999999727e+02 3.127400000000000091e+02 3.120299999999999727e+02 3.110099999999999909e+02 3.097099999999999795e+02
3.058799999999999955e+02 3.057900000000000205e+02 3.058199999999999932e+02 3.059499999999999886e+02 3.061600000000000250e+02 3.064200000000000159e+02 3.066800000000000068e+02 3.069100000000000250e+02 3.070699999999999932e+02 3.070699999999999932e+02 3.071600000000000250e+02 3.071499999999999773e+02 3.070500000000000114e+02 3.068899999999999864e+02 3.066700000000000159e+02 3.064399999999999977e+02 3.062200000000000273e+02 3.060299999999999727e+02 3.058799999999999955e+02
3.106399999999999864e+02 3.086000000000000227e+02 3.075500000000000114e+02 3.075899999999999750e+02 3.086299999999999955e+02 3.102099999999999795e+02 3.121600000000000250e+02 3.141800000000000068e+02 3.160400000000000205e+02 3.160400000000000205e+02 3.175400000000000205e+02 3.184900000000000091e+02 3.188600000000000136e+02 3.185600000000000023e+02 3.176999999999999886e+02 3.163600000000000136e+02 3.146100000000000136e+02 3.126700000000000159e+02 3.106399999999999864e+02
3.117799999999999727e+02 3.100400000000000205e+02 3.098999999999999773e+02 3.112200000000000273e+02 3.136100000000000136e+02 3.163799999999999955e+02 3.192099999999999795e+02 3.217200000000000273e+02 3.236800000000000068e+02 3.236800000000000068e+02 3.248700000000000045e+02 3.251800000000000068e+02 3.246700000000000159e+02 3.233700000000000045e+02 3.214499999999999886e+02 3.191200000000000045e+02 3.165699999999999932e+02 3.140799999999999841e+02 3.117799999999999727e+02
3.031000000000000227e+02 3.045199999999999818e+02 3.061800000000000068e+02 3.076100000000000136e+02 3.085099999999999909e+02 3.088999999999999773e+02 3.087200000000000273e+02 3.080899999999999750e+02 3.071899999999999977e+02 3.071899999999999977e+02 3.061200000000000045e+02 3.050199999999999818e+02 3.039900000000000091e+02 3.031499999999999773e+02 3.025199999999999818e+02 3.021399999999999864e+02 3.021000000000000227e+02 3.024100000000000250e+02 3.031000000000000227e+02
3.103399999999999750e+02 3.103199999999999932e+02 3.116399999999999864e+02 3.138799999999999955e+02 3.165299999999999727e+02 3.190699999999999932e+02 3.211800000000000068e+02 3.226200000000000045e+02 3.233399999999999750e+02 3.233399999999999750e+02 3.232500000000000000e+02 3.223999999999999773e+02 3.209800000000000182e+02 3.191299999999999955e+02 3.170199999999999818e+02 3.148899999999999864e+02 3.129399999999999977e+02 3.113899999999999864e+02 3.103399999999999750e+02
3.114599999999999795e+02 3.098899999999999864e+02 3.093299999999999841e+02 3.097799999999999727e+02 3.111000000000000227e+02 3.128600000000000136e+02 3.148399999999999750e+02 3.167400000000000091e+02 3.183700000000000045e+02 3.183700000000000045e+02 3.195400000000000205e+02 3.201100000000000136e+02 3.200899999999999750e+02 3.194599999999999795e+02 3.183199999999999932e+02 3.168100000000000023e+02 3.150500000000000114e+02 3.132300000000000182e+02 3.114599999999999795e+02
3.098299999999999841e+02 3.095699999999999932e+02 3.097900000000000205e+02 3.104100000000000250e+02 3.113299999999999841e+02 3.123399999999999750e+02 3.133000000000000114e+02 3.140799999999999841e+02 3.146100000000000136e+02 3.146100000000000136e+02 3.148199999999999932e+02 3.146999999999999886e+02 3.142900000000000205e+02 3.136399999999999864e+02 3.128299999999999841e+02 3.119599999999999795e+02 3.111100000000000136e+02 3.103899999999999864e+02 3.098299999999999841e+02
3.079900000000000091e+02 3.082200000000000273e+02 3.086200000000000045e+02 3.091200000000000045e+02 3.096399999999999864e+02 3.101000000000000227e+02 3.104200000000000159e+02 3.105699999999999932e+02 3.105500000000000114e+02 3.105500000000000114e+02 3.103500000000000227e+02 3.100099999999999909e+02 3.095899999999999750e+02 3.091399999999999864e+02 3.087099999999999795e+02 3.083500000000000227e+02 3.081000000000000227e+02 3.079800000000000182e+02 3.079900000000000091e+02
3.140000000000000000e+02 3.125600000000000023e+02 3.113999999999999773e+02 3.106999999999999886e+02 3.105899999999999750e+02 3.109399999999999977e+02 3.117599999999999909e+02 3.128700000000000045e+02 3.141000000000000227e+02 3.141000000000000227e+02 3.153100000000000023e+02 3.163199999999999932e+02 3.170400000000000205e+02 3.173600000000000136e+02 3.173199999999999932e+02 3.168999999999999773e+02 3.161499999999999773e+02 3.151499999999999773e+02 3.140000000000000000e+02
3.144499999999999886e+02 3.136299999999999955e+02 3.130799999999999841e+02 3.128700000000000045e+02 3.130500000000000114e+02 3.135099999999999909e+02 3.142300000000000182e+02 3.150799999999999841e+02 3.159200000000000159e+02 3.159200000000000159e+02 3.166499999999999773e+02 3.171700000000000159e+02 3.174300000000000068e+02 3.173899999999999864e+02 3.171000000000000227e+02 3.166000000000000227e+02 3.159399999999999977e+02 3.152099999999999795e+02 3.144499999999999886e+02
3.162500000000000000e+02 3.154700000000000273e+02 3.149399999999999977e+02 3.147300000000000182e+02 3.148799999999999955e+02 3.153199999999999932e+02 3.160000000000000000e+02 3.168000000000000114e+02 3.176100000000000136e+02 3.176100000000000136e+02 3.183199999999999932e+02 3.188199999999999932e+02 3.190699999999999932e+02 3.190400000000000205e+02 3.187699999999999818e+02 3.182900000000000205e+02 3.176600000000000250e+02 3.169599999999999795e+02 3.162500000000000000e+02
3.089300000000000068e+02 3.095199999999999818e+02 3.116100000000000136e+02 3.145899999999999750e+02 3.177799999999999727e+02 3.206299999999999955e+02 3.227500000000000000e+02 3.239399999999999977e+02 3.242500000000000000e+02 3.242500000000000000e+02 3.236200000000000045e+02 3.221899999999999977e+02 3.202200000000000273e+02 3.179300000000000068e+02 3.154800000000000182e+02 3.131499999999999773e+02 3.111600000000000250e+02 3.097200000000000273e+02 3.089300000000000068e+02
3.086600000000000250e+02 3.083700000000000045e+02 3.083600000000000136e+02 3.086100000000000136e+02 3.090699999999999932e+02 3.096499999999999773e+02 3.102500000000000000e+02 3.108000000000000114e+02 3.112300000000000182e+02 3.112300000000000182e+02 3.114800000000000182e+02 3.115199999999999818e+02 3.113700000000000045e+02 3.110500000000000114e+02 3.106000000000000227e+02 3.100799999999999841e+02 3.095500000000000114e+02 3.090600000000000023e+02 3.086600000000000250e+02
3.141600000000000250e+02 3.130000000000000000e+02 3.121600000000000250e+02 3.117500000000000000e+02 3.118600000000000136e+02 3.123600000000000136e+02 3.132099999999999795e+02 3.142699999999999818e+02 3.153600000000000136e+02 3.153600000000000136e+02 3.163600000000000136e+02 3.171299999999999955e+02 3.175899999999999750e+02 3.176800000000000068e+02 3.174399999999999977e+02 3.168999999999999773e+02 3.161100000000000136e+02 3.151700000000000159e+02 3.141600000000000250e+02
3.146899999999999977e+02 3.133399999999999750e+02 3.122799999999999727e+02 3.116600000000000250e+02 3.115899999999999750e+02 3.119700000000000273e+02 3.127900000000000205e+02 3.138799999999999955e+02 3.150600000000000023e+02 3.150600000000000023e+02 3.162099999999999795e+02 3.171600000000000250e+02 3.178100000000000023e+02 3.180699999999999932e+02 3.179800000000000182e+02 3.175299999999999727e+02 3.167699999999999818e+02 3.158000000000000114e+02 3.146899999999999977e+02
3.104700000000000273e+02 3.096600000000000250e+02 3.093100000000000023e+02 3.094300000000000068e+02 3.100000000000000000e+02 3.108500000000000227e+02 3.118600000000000136e+02 3.128799999999999955e+02 3.137699999999999818e+02 3.137699999999999818e+02 3.144399999999999977e+02 3.147900000000000205e+02 3.148199999999999932e+02 3.145199999999999818e+02 3.139399999999999977e+02 3.131700000000000159e+02 3.122699999999999818e+02 3.113500000000000227e+02 3.104700000000000273e+02
3.084499999999999886e+02 3.095699999999999932e+02 3.111399999999999864e+02 3.128199999999999932e+02 3.142699999999999818e+02 3.153500000000000227e+02 3.158799999999999955e+02 3.158500000000000227e+02 3.153500000000000227e+02 3.153500000000000227e+02 3.144300000000000068e+02 3.132300000000000182e+02 3.119100000000000250e+02 3.106499999999999773e+02 3.095099999999999909e+02 3.086399999999999864e+02 3.081499999999999773e+02 3.080899999999999750e+02 3.084499999999999886e+02
3.080799999999999841e+02 3.078399999999999750e+02 3.077300000000000182e+02 3.077900000000000205e+02 3.080000000000000000e+02 3.083100000000000023e+02 3.086800000000000068e+02 3.090500000000000114e+02 3.093799999999999955e+02 3.093799999999999955e+02 3.096100000000000136e+02 3.097099999999999795e+02 3.096899999999999977e+02 3.095400000000000205e+02 3.093100000000000023e+02 3.090099999999999909e+02 3.086800000000000068e+02 3.083700000000000045e+02 3.080799999999999841e+02
3.051600000000000250e+02 3.067400000000000091e+02 3.086000000000000227e+02 3.103000000000000114e+02 3.114900000000000091e+02 3.121399999999999864e+02 3.121499999999999773e+02 3.116200000000000045e+02 3.107099999999999795e+02 3.107099999999999795e+02 3.095099999999999909e+02 3.081999999999999886e+02 3.069100000000000250e+02 3.058000000000000114e+02 3.048999999999999773e+02 3.043199999999999932e+02 3.041499999999999773e+02 3.044300000000000068e+02 3.051600000000000250e+02
3.096200000000000045e+02 3.098500000000000227e+02 3.106299999999999955e+02 3.118000000000000114e+02 3.131100000000000136e+02 3.143500000000000227e+02 3.153199999999999932e+02 3.159200000000000159e+02 3.161299999999999955e+02 3.161299999999999955e+02 3.159100000000000250e+02 3.153299999999999841e+02 3.144700000000000273e+02 3.134599999999999795e+02 3.123799999999999955e+02 3.113500000000000227e+02 3.105000000000000000e+02 3.099200000000000159e+02 3.096200000000000045e+02
3.113000000000000114e+02 3.094200000000000159e+02 3.086999999999999886e+02 3.091499999999999773e+02 3.105899999999999750e+02 3.125299999999999727e+02 3.147300000000000182e+02 3.168799999999999955e+02 3.187500000000000000e+02 3.187500000000000000e+02 3.201299999999999955e+02 3.208600000000000136e+02 3.209300000000000068e+02 3.203000000000000114e+02 3.190899999999999750e+02 3.174399999999999977e+02 3.154499999999999886e+02 3.133700000000000045e+02 3.113000000000000114e+02
3.144100000000000250e+02 3.130799999999999841e+02 3.120400000000000205e+02 3.114499999999999886e+02 3.114100000000000250e+02 3.118199999999999932e+02 3.126499999999999773e+02 3.137500000000000000e+02 3.149399999999999977e+02 3.149399999999999977e+02 3.160699999999999932e+02 3.170000000000000000e+02 3.176299999999999955e+02 3.178600000000000136e+02 3.177400000000000091e+02 3.172699999999999818e+02 3.165000000000000000e+02 3.155199999999999818e+02 3.144100000000000250e+02
3.118700000000000045e+02 3.106999999999999886e+02 3.099300000000000068e+02 3.096700000000000159e+02 3.099599999999999795e+02 3.106399999999999864e+02 3.116399999999999864e+02 3.127900000000000205e+02 3.139200000000000159e+02 3.139200000000000159e+02 3.148999999999999773e+02 3.155899999999999750e+02 3.159499999999999886e+02 3.159200000000000159e+02 3.155500000000000114e+02 3.148799999999999955e+02 3.139800000000000182e+02 3.129499999999999886e+02 3.118700000000000045e+02
3.054900000000000091e+02 3.055000000000000000e+02 3.056100000000000136e+02 3.058000000000000114e+02 3.060299999999999727e+02 3.062699999999999818e+02 3.064800000000000182e+02 3.066299999999999955e+02 3.067099999999999795e+02 3.067099999999999795e+02 3.066999999999999886e+02 3.066100000000000136e+02 3.064599999999999795e+02 3.062599999999999909e+02 3.060500000000000114e+02 3.058500000000000227e+02 3.056800000000000068e+02 3.055600000000000023e+02 3.054900000000000091e+02
3.119200000000000159e+02 3.112599999999999909e+02 3.108700000000000045e+02 3.107900000000000205e+02 3.110500000000000114e+02 3.115400000000000205e+02 3.122200000000000273e+02 3.129700000000000273e+02 3.136899999999999977e+02 3.136899999999999977e+02 3.142699999999999818e+02 3.146399999999999864e+02 3.147799999999999727e+02 3.146499999999999773e+02 3.143299999999999841e+02 3.138299999999999841e+02 3.132099999999999795e+02 3.125699999999999932e+02 3.119200000000000159e+02
3.100299999999999727e+02 3.102799999999999727e+02 3.112599999999999909e+02 3.127300000000000182e+02 3.143799999999999955e+02 3.159300000000000068e+02 3.171600000000000250e+02 3.179200000000000159e+02 3.181999999999999886e+02 3.181999999999999886e+02 3.179700000000000273e+02 3.172599999999999909e+02 3.162200000000000273e+02 3.149700000000000273e+02 3.136200000000000045e+02 3.123199999999999932e+02 3.112300000000000182e+02 3.104499999999999886e+02 3.100299999999999727e+02
3.153000000000000114e+02 3.138700000000000045e+02 3.126600000000000250e+02 3.118700000000000045e+02 3.116299999999999955e+02 3.118600000000000136e+02 3.125699999999999932e+02 3.136200000000000045e+02 3.148199999999999932e+02 3.148199999999999932e+02 3.160400000000000205e+02 3.170899999999999750e+02 3.178799999999999955e+02 3.182900000000000205e+02 3.183399999999999750e+02 3.180099999999999909e+02 3.173299999999999841e+02 3.164100000000000250e+02 3.153000000000000114e+02
3.077500000000000000e+02 3.059800000000000182e+02 3.044200000000000159e+02 3.033999999999999773e+02 3.030500000000000114e+02 3.032099999999999795e+02 3.038399999999999750e+02 3.048100000000000023e+02 3.059499999999999886e+02 3.059499999999999886e+02 3.071700000000000159e+02 3.083199999999999932e+02 3.093000000000000114e+02 3.099700000000000273e+02 3.103100000000000023e+02 3.102699999999999818e+02 3.098000000000000114e+02 3.089499999999999886e+02 3.077500000000000000e+02
3.156999999999999886e+02 3.147900000000000205e+02 3.141399999999999864e+02 3.138500000000000227e+02 3.139700000000000273e+02 3.144100000000000250e+02 3.151399999999999864e+02 3.160299999999999727e+02 3.169399999999999977e+02 3.169399999999999977e+02 3.177599999999999909e+02 3.183600000000000136e+02 3.186899999999999977e+02 3.187099999999999795e+02 3.184599999999999795e+02 3.179700000000000273e+02 3.172900000000000205e+02 3.165199999999999818e+02 3.156999999999999886e+02
3.091200000000000045e+02 3.094800000000000182e+02 3.115699999999999932e+02 3.147599999999999909e+02 3.183000000000000114e+02 3.215400000000000205e+02 3.240400000000000205e+02 3.255600000000000023e+02 3.261000000000000227e+02 3.261000000000000227e+02 3.256000000000000227e+02 3.241700000000000159e+02 3.221000000000000227e+02 3.196100000000000136e+02 3.168999999999999773e+02 3.142699999999999818e+02 3.119599999999999795e+02 3.102099999999999795e+02 3.091200000000000045e+02
3.097500000000000000e+02 3.098000000000000114e+02 3.103700000000000045e+02 3.113199999999999932e+02 3.124499999999999886e+02 3.135699999999999932e+02 3.145099999999999909e+02 3.151600000000000250e+02 3.154700000000000273e+02 3.154700000000000273e+02 3.154100000000000250e+02 3.150000000000000000e+02 3.143299999999999841e+02 3.134700000000000273e+02 3.125099999999999909e+02 3.115600000000000023e+02 3.107400000000000091e+02 3.101299999999999955e+02 3.097500000000000000e+02
3.083799999999999955e+02 3.094900000000000091e+02 3.111600000000000250e+02 3.130099999999999909e+02 3.146899999999999977e+02 3.159900000000000091e+02 3.167099999999999795e+02 3.168199999999999932e+02 3.164100000000000250e+02 3.164100000000000250e+02 3.155000000000000000e+02 3.142500000000000000e+02 3.128299999999999841e+02 3.114200000000000159e+02 3.101000000000000227e+02 3.090400000000000205e+02 3.083600000000000136e+02 3.081399999999999864e+02 3.083799999999999955e+02
3.099200000000000159e+02 3.073199999999999932e+02 3.055500000000000114e+02 3.049300000000000068e+02 3.054800000000000182e+02 3.067099999999999795e+02 3.084800000000000182e+02 3.104900000000000091e+02 3.125000000000000000e+02 3.125000000000000000e+02 3.143199999999999932e+02 3.157099999999999795e+02 3.166000000000000227e+02 3.168299999999999841e+02 3.164399999999999977e+02 3.154900000000000091e+02 3.139900000000000091e+02 3.121100000000000136e+02 3.099200000000000159e+02
3.144300000000000068e+02 3.132599999999999909e+02 3.123999999999999773e+02 3.119700000000000273e+02 3.120500000000000114e+02 3.125299999999999727e+02 3.133700000000000045e+02 3.144300000000000068e+02 3.155299999999999727e+02 3.155299999999999727e+02 3.165400000000000205e+02 3.173299999999999841e+02 3.178100000000000023e+02 3.179100000000000250e+02 3.176899999999999977e+02 3.171700000000000159e+02 3.163799999999999955e+02 3.154499999999999886e+02 3.144300000000000068e+02
3.134300000000000068e+02 3.120400000000000205e+02 3.109700000000000273e+02 3.103799999999999955e+02 3.103700000000000045e+02 3.108199999999999932e+02 3.116999999999999886e+02 3.128399999999999750e+02 3.140699999999999932e+02 3.140699999999999932e+02 3.152300000000000182e+02 3.161800000000000068e+02 3.168100000000000023e+02 3.170400000000000205e+02 3.169100000000000250e+02 3.164200000000000159e+02 3.156100000000000136e+02 3.145899999999999750e+02 3.134300000000000068e+02
3.096299999999999955e+02 3.092400000000000091e+02 3.092799999999999727e+02 3.097099999999999795e+02 3.104599999999999795e+02 3.113399999999999750e+02 3.122400000000000091e+02 3.130199999999999818e+02 3.136200000000000045e+02 3.136200000000000045e+02 3.139399999999999977e+02 3.139599999999999795e+02 3.136999999999999886e+02 3.131999999999999886e+02 3.125199999999999818e+02 3.117400000000000091e+02 3.109499999999999886e+02 3.102300000000000182e+02 3.096299999999999955e+02
3.113700000000000045e+02 3.101600000000000250e+02 3.099599999999999795e+02 3.107099999999999795e+02 3.121999999999999886e+02 3.140299999999999727e+02 3.159499999999999886e+02 3.176999999999999886e+02 3.191100000000000136e+02 3.191100000000000136e+02 3.200099999999999909e+02 3.203000000000000114e+02 3.200199999999999818e+02 3.191800000000000068e+02 3.179100000000000250e+02 3.163399999999999750e+02 3.146100000000000136e+02 3.129200000000000159e+02 3.113700000000000045e+02
3.060000000000000000e+02 3.074499999999999886e+02 3.093799999999999955e+02 3.113299999999999841e+02 3.128999999999999773e+02 3.139499999999999886e+02 3.143299999999999841e+02 3.140899999999999750e+02 3.133600000000000136e+02 3.133600000000000136e+02 3.122099999999999795e+02 3.108299999999999841e+02 3.093700000000000045e+02 3.080199999999999818e+02 3.068399999999999750e+02 3.059499999999999886e+02 3.054900000000000091e+02 3.055000000000000000e+02 3.060000000000000000e+02
3.171299999999999955e+02 3.161200000000000045e+02 3.153399999999999750e+02 3.149100000000000250e+02 3.149100000000000250e+02 3.152699999999999818e+02 3.159700000000000273e+02 3.168799999999999955e+02 3.178500000000000227e+02 3.178500000000000227e+02 3.187699999999999818e+02 3.194800000000000182e+02 3.199399999999999977e+02 3.200600000000000023e+02 3.198899999999999864e+02 3.194499999999999886e+02 3.187900000000000205e+02 3.180000000000000000e+02 3.171299999999999955e+02
3.069499999999999886e+02 3.070299999999999727e+02 3.072500000000000000e+02 3.076000000000000227e+02 3.079900000000000091e+02 3.083799999999999955e+02 3.086999999999999886e+02 3.088999999999999773e+02 3.089800000000000182e+02 3.089800000000000182e+02 3.089200000000000159e+02 3.087400000000000091e+02 3.084599999999999795e+02 3.081299999999999955e+02 3.077799999999999727e+02 3.074599999999999795e+02 3.071999999999999886e+02 3.070299999999999727e+02 3.069499999999999886e+02
3.108700000000000045e+02 3.117500000000000000e+02 3.128600000000000136e+02 3.139900000000000091e+02 3.149399999999999977e+02 3.156200000000000045e+02 3.158999999999999773e+02 3.157699999999999818e+02 3.153100000000000023e+02 3.153100000000000023e+02 3.145600000000000023e+02 3.136399999999999864e+02 3.126700000000000159e+02 3.118000000000000114e+02 3.110600000000000023e+02 3.105600000000000023e+02 3.103600000000000136e+02 3.104700000000000273e+02 3.108700000000000045e+02
3.175099999999999909e+02 3.165699999999999932e+02 3.158700000000000045e+02 3.154900000000000091e+02 3.155199999999999818e+02 3.158799999999999955e+02 3.165500000000000114e+02 3.174200000000000159e+02 3.183299999999999841e+02 3.183299999999999841e+02 3.191800000000000068e+02 3.198399999999999750e+02 3.202500000000000000e+02 3.203399999999999750e+02 3.201499999999999773e+02 3.197099999999999795e+02 3.190799999999999841e+02 3.183199999999999932e+02 3.175099999999999909e+02
3.112699999999999818e+02 3.100600000000000023e+02 3.093000000000000114e+02 3.091000000000000227e+02 3.094800000000000182e+02 3.102500000000000000e+02 3.113399999999999750e+02 3.125500000000000114e+02 3.137099999999999795e+02 3.137099999999999795e+02 3.146999999999999886e+02 3.153799999999999955e+02 3.157200000000000273e+02 3.156399999999999864e+02 3.152099999999999795e+02 3.144800000000000182e+02 3.135099999999999909e+02 3.124200000000000159e+02 3.112699999999999818e+02
3.137900000000000205e+02 3.125899999999999750e+02 3.117200000000000273e+02 3.113000000000000114e+02 3.114100000000000250e+02 3.119300000000000068e+02 3.128199999999999932e+02 3.139100000000000250e+02 3.150400000000000205e+02 3.150400000000000205e+02 3.160699999999999932e+02 3.168500000000000227e+02 3.173299999999999841e+02 3.174200000000000159e+02 3.171800000000000068e+02 3.166299999999999955e+02 3.158100000000000023e+02 3.148399999999999750e+02 3.137900000000000205e+02
3.099399999999999977e+02 3.103999999999999773e+02 3.110400000000000205e+02 3.117500000000000000e+02 3.123999999999999773e+02 3.129200000000000159e+02 3.132099999999999795e+02 3.132400000000000091e+02 3.130500000000000114e+02 3.130500000000000114e+02 3.126499999999999773e+02 3.121000000000000227e+02 3.114800000000000182e+02 3.108999999999999773e+02 3.103799999999999955e+02 3.100000000000000000e+02 3.097900000000000205e+02 3.097799999999999727e+02 3.099399999999999977e+02
3.096100000000000136e+02 3.091600000000000250e+02 3.089599999999999795e+02 3.090199999999999818e+02 3.093399999999999750e+02 3.098299999999999841e+02 3.104300000000000068e+02 3.110400000000000205e+02 3.115799999999999841e+02 3.115799999999999841e+02 3.119800000000000182e+02 3.121800000000000068e+02 3.121899999999999977e+02 3.119900000000000091e+02 3.116399999999999864e+02 3.111700000000000159e+02 3.106399999999999864e+02 3.101100000000000136e+02 3.096100000000000136e+02
3.117300000000000182e+02 3.093199999999999932e+02 3.082300000000000182e+02 3.085500000000000114e+02 3.101100000000000136e+02 3.122699999999999818e+02 3.147799999999999727e+02 3.172699999999999818e+02 3.194700000000000273e+02 3.194700000000000273e+02 3.211700000000000159e+02 3.221399999999999864e+02 3.223899999999999864e+02 3.218199999999999932e+02 3.205899999999999750e+02 3.188100000000000023e+02 3.165899999999999750e+02 3.141999999999999886e+02 3.117300000000000182e+02
3.076700000000000159e+02 3.090400000000000205e+02 3.107200000000000273e+02 3.123700000000000045e+02 3.136499999999999773e+02 3.144800000000000182e+02 3.147099999999999795e+02 3.143899999999999864e+02 3.136399999999999864e+02 3.136399999999999864e+02 3.125400000000000205e+02 3.112599999999999909e+02 3.099499999999999886e+02 3.087799999999999727e+02 3.078000000000000114e+02 3.071299999999999955e+02 3.068799999999999955e+02 3.070699999999999932e+02 3.076700000000000159e+02
3.093000000000000114e+02 3.095799999999999841e+02 3.102699999999999818e+02 3.111999999999999886e+02 3.122099999999999795e+02 3.131299999999999955e+02 3.138399999999999750e+02 3.142400000000000091e+02 3.143299999999999841e+02 3.143299999999999841e+02 3.140899999999999750e+02 3.135600000000000023e+02 3.128500000000000227e+02 3.120299999999999727e+02 3.111899999999999977e+02 3.104200000000000159e+02 3.098100000000000023e+02 3.094399999999999977e+02 3.093000000000000114e+02
3.072900000000000205e+02 3.086600000000000250e+02 3.110199999999999818e+02 3.137500000000000000e+02 3.162500000000000000e+02 3.182200000000000273e+02 3.193899999999999864e+02 3.196999999999999886e+02 3.192699999999999818e+02 3.192699999999999818e+02 3.181399999999999864e+02 3.164900000000000091e+02 3.145500000000000114e+02 3.125699999999999932e+02 3.106399999999999864e+02 3.089900000000000091e+02 3.078100000000000023e+02 3.072200000000000273e+02 3.072900000000000205e+02
3.105899999999999750e+02 3.101299999999999955e+02 3.098899999999999864e+02 3.098899999999999864e+02 3.101499999999999773e+02 3.105699999999999932e+02 3.111200000000000045e+02 3.117099999999999795e+02 3.122400000000000091e+02 3.122400000000000091e+02 3.126499999999999773e+02 3.128899999999999864e+02 3.129399999999999977e+02 3.127900000000000205e+02 3.124800000000000182e+02 3.120600000000000023e+02 3.115699999999999932e+02 3.110699999999999932e+02 3.105899999999999750e+02
3.085199999999999818e+02 3.095799999999999841e+02 3.113399999999999750e+02 3.133799999999999955e+02 3.152799999999999727e+02 3.168100000000000023e+02 3.177400000000000091e+02 3.180099999999999909e+02 3.176999999999999886e+02 3.176999999999999886e+02 3.168199999999999932e+02 3.155400000000000205e+02 3.140199999999999818e+02 3.124599999999999795e+02 3.109599999999999795e+02 3.096899999999999977e+02 3.088100000000000023e+02 3.084200000000000159e+02 3.085199999999999818e+02
3.097799999999999727e+02 3.080400000000000205e+02 3.066899999999999977e+02 3.059599999999999795e+02 3.059599999999999795e+02 3.064700000000000273e+02 3.074599999999999795e+02 3.087300000000000182e+02 3.100899999999999750e+02 3.100899999999999750e+02 3.113999999999999773e+02 3.125099999999999909e+02 3.133000000000000114e+02 3.136600000000000250e+02 3.136299999999999955e+02 3.131800000000000068e+02 3.123199999999999932e+02 3.111700000000000159e+02 3.097799999999999727e+02
3.114300000000000068e+02 3.099800000000000182e+02 3.089599999999999795e+02 3.085199999999999818e+02 3.087300000000000182e+02 3.093999999999999773e+02 3.104700000000000273e+02 3.117400000000000091e+02 3.130299999999999727e+02 3.130299999999999727e+02 3.141899999999999977e+02 3.150699999999999932e+02 3.156000000000000227e+02 3.156999999999999886e+02 3.154100000000000250e+02 3.147799999999999727e+02 3.138299999999999841e+02 3.126899999999999977e+02 3.114300000000000068e+02
3.077599999999999909e+02 3.079599999999999795e+02 3.083299999999999841e+02 3.088000000000000114e+02 3.093000000000000114e+02 3.097500000000000000e+02 3.100699999999999932e+02 3.102300000000000182e+02 3.102300000000000182e+02 3.102300000000000182e+02 3.100500000000000114e+02 3.097400000000000091e+02 3.093500000000000227e+02 3.089200000000000159e+02 3.085000000000000000e+02 3.081499999999999773e+02 3.078999999999999773e+02 3.077699999999999818e+02 3.077599999999999909e+02
3.102300000000000182e+02 3.099300000000000068e+02 3.102699999999999818e+02 3.111499999999999773e+02 3.123799999999999955e+02 3.136999999999999886e+02 3.149300000000000068e+02 3.158899999999999864e+02 3.165199999999999818e+02 3.165199999999999818e+02 3.167400000000000091e+02 3.165299999999999727e+02 3.159599999999999795e+02 3.151100000000000136e+02 3.140600000000000023e+02 3.129399999999999977e+02 3.118600000000000136e+02 3.109399999999999977e+02 3.102300000000000182e+02
3.102900000000000205e+02 3.096999999999999886e+02 3.094100000000000250e+02 3.094700000000000273e+02 3.098600000000000136e+02 3.104700000000000273e+02 3.112200000000000273e+02 3.120000000000000000e+02 3.126899999999999977e+02 3.126899999999999977e+02 3.132099999999999795e+02 3.134900000000000091e+02 3.135299999999999727e+02 3.133000000000000114e+02 3.128799999999999955e+02 3.123000000000000114e+02 3.116200000000000045e+02 3.109399999999999977e+02 3.102900000000000205e+02
3.145699999999999932e+02 3.137400000000000091e+02 3.131899999999999977e+02 3.129800000000000182e+02 3.131700000000000159e+02 3.136499999999999773e+02 3.143799999999999955e+02 3.152400000000000091e+02 3.161000000000000227e+02 3.161000000000000227e+02 3.168399999999999750e+02 3.173600000000000136e+02 3.176100000000000136e+02 3.175699999999999932e+02 3.172699999999999818e+02 3.167500000000000000e+02 3.160799999999999841e+02 3.153299999999999841e+02 3.145699999999999932e+02
3.082400000000000091e+02 3.079499999999999886e+02 3.078700000000000045e+02 3.080099999999999909e+02 3.083500000000000227e+02 3.087900000000000205e+02 3.093000000000000114e+02 3.097799999999999727e+02 3.101800000000000068e+02 3.101800000000000068e+02 3.104399999999999977e+02 3.105299999999999727e+02 3.104499999999999886e+02 3.102200000000000273e+02 3.098799999999999955e+02 3.094599999999999795e+02 3.090199999999999818e+02 3.086100000000000136e+02 3.082400000000000091e+02
3.115600000000000023e+02 3.098899999999999864e+02 3.097500000000000000e+02 3.110000000000000000e+02 3.132699999999999818e+02 3.159200000000000159e+02 3.186100000000000136e+02 3.210000000000000000e+02 3.228600000000000136e+02 3.228600000000000136e+02 3.240000000000000000e+02 3.243000000000000114e+02 3.238199999999999932e+02 3.225899999999999750e+02 3.207699999999999818e+02 3.185600000000000023e+02 3.161299999999999955e+02 3.137599999999999909e+02 3.115600000000000023e+02
3.086100000000000136e+02 3.088899999999999864e+02 3.093000000000000114e+02 3.097799999999999727e+02 3.102500000000000000e+02 3.106399999999999864e+02 3.108899999999999864e+02 3.109599999999999795e+02 3.108799999999999955e+02 3.108799999999999955e+02 3.106299999999999955e+02 3.102699999999999818e+02 3.098500000000000227e+02 3.094399999999999977e+02 3.090600000000000023e+02 3.087699999999999818e+02 3.085899999999999750e+02 3.085400000000000205e+02 3.086100000000000136e+02
3.075099999999999909e+02 3.075899999999999750e+02 3.078600000000000136e+02 3.082699999999999818e+02 3.087500000000000000e+02 3.092200000000000273e+02 3.096100000000000136e+02 3.098700000000000045e+02 3.099700000000000273e+02 3.099700000000000273e+02 3.099100000000000250e+02 3.096899999999999977e+02 3.093700000000000045e+02 3.089700000000000273e+02 3.085500000000000114e+02 3.081600000000000250e+02 3.078399999999999750e+02 3.076200000000000045e+02 3.075099999999999909e+02
3.104599999999999795e+02 3.100699999999999932e+02 3.098700000000000045e+02 3.098899999999999864e+02 3.101399999999999864e+02 3.105400000000000205e+02 3.110500000000000114e+02 3.115799999999999841e+02 3.120600000000000023e+02 3.120600000000000023e+02 3.124200000000000159e+02 3.126200000000000045e+02 3.126399999999999864e+02 3.124900000000000091e+02 3.121899999999999977e+02 3.118000000000000114e+02 3.113399999999999750e+02 3.108899999999999864e+02 3.104599999999999795e+02
3.127900000000000205e+02 3.114100000000000250e+02 3.103700000000000045e+02 3.098299999999999841e+02 3.098899999999999864e+02 3.104100000000000250e+02 3.113299999999999841e+02 3.125000000000000000e+02 3.137200000000000273e+02 3.137200000000000273e+02 3.148700000000000045e+02 3.157799999999999727e+02 3.163700000000000045e+02 3.165500000000000114e+02 3.163700000000000045e+02 3.158399999999999750e+02 3.150000000000000000e+02 3.139599999999999795e+02 3.127900000000000205e+02
3.107400000000000091e+02 3.103399999999999750e+02 3.101100000000000136e+02 3.101000000000000227e+02 3.103000000000000114e+02 3.106600000000000250e+02 3.111399999999999864e+02 3.116499999999999773e+02 3.121299999999999955e+02 3.121299999999999955e+02 3.125000000000000000e+02 3.127200000000000273e+02 3.127699999999999818e+02 3.126499999999999773e+02 3.123899999999999864e+02 3.120199999999999818e+02 3.116000000000000227e+02 3.111600000000000250e+02 3.107400000000000091e+02
3.045199999999999818e+02 3.061200000000000045e+02 3.078899999999999864e+02 3.093899999999999864e+02 3.103000000000000114e+02 3.106700000000000159e+02 3.104300000000000068e+02 3.097300000000000182e+02 3.087300000000000182e+02 3.087300000000000182e+02 3.075400000000000205e+02 3.063199999999999932e+02 3.051899999999999977e+02 3.042799999999999727e+02 3.036000000000000227e+02 3.032300000000000182e+02 3.032500000000000000e+02 3.036700000000000159e+02 3.045199999999999818e+02
3.095699999999999932e+02 3.091499999999999773e+02 3.089800000000000182e+02 3.090600000000000023e+02 3.093899999999999864e+02 3.098799999999999955e+02 3.104599999999999795e+02 3.110500000000000114e+02 3.115699999999999932e+02 3.115699999999999932e+02 3.119399999999999977e+02 3.121200000000000045e+02 3.121100000000000136e+02 3.118999999999999773e+02 3.115400000000000205e+02 3.110799999999999841e+02 3.105600000000000023e+02 3.100500000000000114e+02 3.095699999999999932e+02
3.062599999999999909e+02 3.063399999999999750e+02 3.065299999999999727e+02 3.068100000000000023e+02 3.071200000000000045e+02 3.074200000000000159e+02 3.076600000000000250e+02 3.078100000000000023e+02 3.078500000000000227e+02 3.078500000000000227e+02 3.077799999999999727e+02 3.076200000000000045e+02 3.073899999999999864e+02 3.071200000000000045e+02 3.068500000000000227e+02 3.066100000000000136e+02 3.064200000000000159e+02 3.063000000000000114e+02 3.062599999999999909e+02
3.081800000000000068e+02 3.083500000000000227e+02 3.087500000000000000e+02 3.093000000000000114e+02 3.099100000000000250e+02 3.104800000000000182e+02 3.109200000000000159e+02 3.111800000000000068e+02 3.112400000000000091e+02 3.112400000000000091e+02 3.111000000000000227e+02 3.107799999999999727e+02 3.103399999999999750e+02 3.098299999999999841e+02 3.093100000000000023e+02 3.088399999999999750e+02 3.084800000000000182e+02 3.082599999999999909e+02 3.081800000000000068e+02
3.107400000000000091e+02 3.119900000000000091e+02 3.134200000000000159e+02 3.147500000000000000e+02 3.157699999999999818e+02 3.163899999999999864e+02 3.164900000000000091e+02 3.161100000000000136e+02 3.153600000000000136e+02 3.153600000000000136e+02 3.143199999999999932e+02 3.131499999999999773e+02 3.120000000000000000e+02 3.110199999999999818e+02 3.102500000000000000e+02 3.098100000000000023e+02 3.097599999999999909e+02 3.100799999999999841e+02 3.107400000000000091e+02
3.141800000000000068e+02 3.134300000000000068e+02 3.129300000000000068e+02 3.127500000000000000e+02 3.129300000000000068e+02 3.133700000000000045e+02 3.140400000000000205e+02 3.148299999999999841e+02 3.156100000000000136e+02 3.156100000000000136e+02 3.162799999999999727e+02 3.167500000000000000e+02 3.169800000000000182e+02 3.169300000000000068e+02 3.166499999999999773e+02 3.161700000000000159e+02 3.155600000000000023e+02 3.148799999999999955e+02 3.141800000000000068e+02
3.074300000000000068e+02 3.081600000000000250e+02 3.105600000000000023e+02 3.139300000000000068e+02 3.174599999999999795e+02 3.205500000000000114e+02 3.227599999999999909e+02 3.238999999999999773e+02 3.240400000000000205e+02 3.240400000000000205e+02 3.231800000000000068e+02 3.214900000000000091e+02 3.192599999999999909e+02 3.167500000000000000e+02 3.141299999999999955e+02 3.116899999999999977e+02 3.096399999999999864e+02 3.081999999999999886e+02 3.074300000000000068e+02
3.103799999999999955e+02 3.111100000000000136e+02 3.120699999999999932e+02 3.130899999999999750e+02 3.140000000000000000e+02 3.146800000000000068e+02 3.150099999999999909e+02 3.149900000000000091e+02 3.146499999999999773e+02 3.146499999999999773e+02 3.140299999999999727e+02 3.132300000000000182e+02 3.123600000000000136e+02 3.115400000000000205e+02 3.108299999999999841e+02 3.103199999999999932e+02 3.100699999999999932e+02 3.101000000000000227e+02 3.103799999999999955e+02
3.089800000000000182e+02 3.093899999999999864e+02 3.100299999999999727e+02 3.107799999999999727e+02 3.115099999999999909e+02 3.121299999999999955e+02 3.125199999999999818e+02 3.126600000000000250e+02 3.125500000000000114e+02 3.125500000000000114e+02 3.121999999999999886e+02 3.116700000000000159e+02 3.110400000000000205e+02 3.103999999999999773e+02 3.098000000000000114e+02 3.093199999999999932e+02 3.090099999999999909e+02 3.088999999999999773e+02 3.089800000000000182e+02
3.072200000000000273e+02 3.074100000000000250e+02 3.077099999999999795e+02 3.080799999999999841e+02 3.084499999999999886e+02 3.087699999999999818e+02 3.089900000000000091e+02 3.090799999999999841e+02 3.090400000000000205e+02 3.090400000000000205e+02 3.088799999999999955e+02 3.086200000000000045e+02 3.083000000000000114e+02 3.079700000000000273e+02 3.076600000000000250e+02 3.074200000000000159e+02 3.072599999999999909e+02 3.071899999999999977e+02 3.072200000000000273e+02
3.081600000000000250e+02 3.079800000000000182e+02 3.080500000000000114e+02 3.083500000000000227e+02 3.088299999999999841e+02 3.093799999999999955e+02 3.099399999999999977e+02 3.104100000000000250e+02 3.107500000000000000e+02 3.107500000000000000e+02 3.109100000000000250e+02 3.108799999999999955e+02 3.106700000000000159e+02 3.103199999999999932e+02 3.098700000000000045e+02 3.093799999999999955e+02 3.088999999999999773e+02 3.084900000000000091e+02 3.081600000000000250e+02
3.058999999999999773e+02 3.057900000000000205e+02 3.057799999999999727e+02 3.058799999999999955e+02 3.060699999999999932e+02 3.063100000000000023e+02 3.065699999999999932e+02 3.068100000000000023e+02 3.070000000000000000e+02 3.070000000000000000e+02 3.071000000000000227e+02 3.071200000000000045e+02 3.070500000000000114e+02 3.068999999999999773e+02 3.067099999999999795e+02 3.064900000000000091e+02 3.062599999999999909e+02 3.060699999999999932e+02 3.058999999999999773e+02
3.094399999999999977e+02 3.097400000000000091e+02 3.105000000000000000e+02 3.115500000000000114e+02 3.126999999999999886e+02 3.137400000000000091e+02 3.145400000000000205e+02 3.150000000000000000e+02 3.151100000000000136e+02 3.151100000000000136e+02 3.148500000000000227e+02 3.142799999999999727e+02 3.134800000000000182e+02 3.125699999999999932e+02 3.116200000000000045e+02 3.107500000000000000e+02 3.100600000000000023e+02 3.096200000000000045e+02 3.094399999999999977e+02
3.099800000000000182e+02 3.104200000000000159e+02 3.118000000000000114e+02 3.137300000000000182e+02 3.158299999999999841e+02 3.177400000000000091e+02 3.191999999999999886e+02 3.200400000000000205e+02 3.202799999999999727e+02 3.202799999999999727e+02 3.198799999999999955e+02 3.189100000000000250e+02 3.175500000000000114e+02 3.159700000000000273e+02 3.142799999999999727e+02 3.126800000000000068e+02 3.113500000000000227e+02 3.104300000000000068e+02 3.099800000000000182e+02
3.105199999999999818e+02 3.100699999999999932e+02 3.103299999999999841e+02 3.112099999999999795e+02 3.125099999999999909e+02 3.139399999999999977e+02 3.153000000000000114e+02 3.163999999999999773e+02 3.171700000000000159e+02 3.171700000000000159e+02 3.174900000000000091e+02 3.173500000000000227e+02 3.168199999999999932e+02 3.159499999999999886e+02 3.148399999999999750e+02 3.136299999999999955e+02 3.124300000000000068e+02 3.113700000000000045e+02 3.105199999999999818e+02
3.086200000000000045e+02 3.083000000000000114e+02 3.081600000000000250e+02 3.081999999999999886e+02 3.084300000000000068e+02 3.087799999999999727e+02 3.092200000000000273e+02 3.096600000000000250e+02 3.100500000000000114e+02 3.100500000000000114e+02 3.103399999999999750e+02 3.104900000000000091e+02 3.104900000000000091e+02 3.103399999999999750e+02 3.100799999999999841e+02 3.097400000000000091e+02 3.093500000000000227e+02 3.089800000000000182e+02 3.086200000000000045e+02
3.182500000000000000e+02 3.171800000000000068e+02 3.163100000000000023e+02 3.157900000000000205e+02 3.156899999999999977e+02 3.159700000000000273e+02 3.166200000000000045e+02 3.175199999999999818e+02 3.185099999999999909e+02 3.185099999999999909e+02 3.194800000000000182e+02 3.202699999999999818e+02 3.208199999999999932e+02 3.210199999999999818e+02 3.209399999999999977e+02 3.205500000000000114e+02 3.199200000000000159e+02 3.191399999999999864e+02 3.182500000000000000e+02
3.110000000000000000e+02 3.091700000000000159e+02 3.081999999999999886e+02 3.081899999999999977e+02 3.090799999999999841e+02 3.104800000000000182e+02 3.122300000000000182e+02 3.140600000000000023e+02 3.157500000000000000e+02 3.157500000000000000e+02 3.171200000000000045e+02 3.179900000000000091e+02 3.183299999999999841e+02 3.180699999999999932e+02 3.172900000000000205e+02 3.160899999999999750e+02 3.145299999999999727e+02 3.128000000000000114e+02 3.110000000000000000e+02
3.094599999999999795e+02 3.099300000000000068e+02 3.118399999999999750e+02 3.146200000000000045e+02 3.176299999999999955e+02 3.203799999999999955e+02 3.224700000000000273e+02 3.237200000000000273e+02 3.241299999999999955e+02 3.241299999999999955e+02 3.236399999999999864e+02 3.223700000000000045e+02 3.205400000000000205e+02 3.183600000000000136e+02 3.160000000000000000e+02 3.137200000000000273e+02 3.117400000000000091e+02 3.102900000000000205e+02 3.094599999999999795e+02
3.116100000000000136e+02 3.102099999999999795e+02 3.092200000000000273e+02 3.087900000000000205e+02 3.089900000000000091e+02 3.096299999999999955e+02 3.106600000000000250e+02 3.118899999999999864e+02 3.131399999999999864e+02 3.131399999999999864e+02 3.142699999999999818e+02 3.151299999999999955e+02 3.156499999999999773e+02 3.157500000000000000e+02 3.154800000000000182e+02 3.148600000000000136e+02 3.139399999999999977e+02 3.128299999999999841e+02 3.116100000000000136e+02
3.147599999999999909e+02 3.156100000000000136e+02 3.165899999999999750e+02 3.175500000000000114e+02 3.183000000000000114e+02 3.188000000000000114e+02 3.189200000000000159e+02 3.186800000000000068e+02 3.181499999999999773e+02 3.181499999999999773e+02 3.173899999999999864e+02 3.165299999999999727e+02 3.156700000000000159e+02 3.149499999999999886e+02 3.143899999999999864e+02 3.140899999999999750e+02 3.140600000000000023e+02 3.143000000000000114e+02 3.147599999999999909e+02
3.053000000000000114e+02 3.068399999999999750e+02 3.086499999999999773e+02 3.102699999999999818e+02 3.113999999999999773e+02 3.120000000000000000e+02 3.119800000000000182e+02 3.114300000000000068e+02 3.105299999999999727e+02 3.105299999999999727e+02 3.093500000000000227e+02 3.080699999999999932e+02 3.068199999999999932e+02 3.057500000000000000e+02 3.048999999999999773e+02 3.043700000000000045e+02 3.042500000000000000e+02 3.045600000000000023e+02 3.053000000000000114e+02
3.126700000000000159e+02 3.139100000000000250e+02 3.152400000000000091e+02 3.164399999999999977e+02 3.172900000000000205e+02 3.177500000000000000e+02 3.177200000000000273e+02 3.172400000000000091e+02 3.164300000000000068e+02 3.164300000000000068e+02 3.153799999999999955e+02 3.142500000000000000e+02 3.131800000000000068e+02 3.123199999999999932e+02 3.116999999999999886e+02 3.114200000000000159e+02 3.115099999999999909e+02 3.119399999999999977e+02 3.126700000000000159e+02
3.120500000000000114e+02 3.130000000000000000e+02 3.141200000000000045e+02 3.152200000000000273e+02 3.161100000000000136e+02 3.166999999999999886e+02 3.168799999999999955e+02 3.166600000000000250e+02 3.161100000000000136e+02 3.161100000000000136e+02 3.153000000000000114e+02 3.143500000000000227e+02 3.133799999999999955e+02 3.125400000000000205e+02 3.118700000000000045e+02 3.114599999999999795e+02 3.113600000000000136e+02 3.115699999999999932e+02 3.120500000000000114e+02
3.091499999999999773e+02 3.100799999999999841e+02 3.117599999999999909e+02 3.137900000000000205e+02 3.157599999999999909e+02 3.173899999999999864e+02 3.184599999999999795e+02 3.188799999999999955e+02 3.186999999999999886e+02 3.186999999999999886e+02 3.179300000000000068e+02 3.167099999999999795e+02 3.152200000000000273e+02 3.136299999999999955e+02 3.120600000000000023e+02 3.106999999999999886e+02 3.096999999999999886e+02 3.091800000000000068e+02 3.091499999999999773e+02
3.092799999999999727e+02 3.095799999999999841e+02 3.100000000000000000e+02 3.104800000000000182e+02 3.109300000000000068e+02 3.113000000000000114e+02 3.115199999999999818e+02 3.115600000000000023e+02 3.114499999999999886e+02 3.114499999999999886e+02 3.111899999999999977e+02 3.108100000000000023e+02 3.103899999999999864e+02 3.099900000000000091e+02 3.096200000000000045e+02 3.093500000000000227e+02 3.091999999999999886e+02 3.091899999999999977e+02 3.092799999999999727e+02
3.178500000000000227e+02 3.189300000000000068e+02 3.200199999999999818e+02 3.209700000000000273e+02 3.216000000000000227e+02 3.218899999999999864e+02 3.217400000000000091e+02 3.212099999999999795e+02 3.204200000000000159e+02 3.204200000000000159e+02 3.194499999999999886e+02 3.184700000000000273e+02 3.175799999999999841e+02 3.169399999999999977e+02 3.165400000000000205e+02 3.164499999999999886e+02 3.166700000000000159e+02 3.171600000000000250e+02 3.178500000000000227e+02
3.108500000000000227e+02 3.101399999999999864e+02 3.102400000000000091e+02 3.110500000000000114e+02 3.124100000000000250e+02 3.139599999999999795e+02 3.155000000000000000e+02 3.168199999999999932e+02 3.177900000000000205e+02 3.177900000000000205e+02 3.183000000000000114e+02 3.183100000000000023e+02 3.178700000000000045e+02 3.170199999999999818e+02 3.158700000000000045e+02 3.145500000000000114e+02 3.131800000000000068e+02 3.119300000000000068e+02 3.108500000000000227e+02
3.087300000000000182e+02 3.101100000000000136e+02 3.117200000000000273e+02 3.132200000000000273e+02 3.143399999999999750e+02 3.150099999999999909e+02 3.151000000000000227e+02 3.146700000000000159e+02 3.138500000000000227e+02 3.138500000000000227e+02 3.127300000000000182e+02 3.114700000000000273e+02 3.102300000000000182e+02 3.091700000000000159e+02 3.083299999999999841e+02 3.078199999999999932e+02 3.077200000000000273e+02 3.080299999999999727e+02 3.087300000000000182e+02
3.094100000000000250e+02 3.105899999999999750e+02 3.120799999999999841e+02 3.135799999999999841e+02 3.148000000000000114e+02 3.156299999999999955e+02 3.159300000000000068e+02 3.157099999999999795e+02 3.150699999999999932e+02 3.150699999999999932e+02 3.140899999999999750e+02 3.129100000000000250e+02 3.116899999999999977e+02 3.105799999999999841e+02 3.096499999999999773e+02 3.090099999999999909e+02 3.087500000000000000e+02 3.088899999999999864e+02 3.094100000000000250e+02
3.113600000000000136e+02 3.099700000000000273e+02 3.094800000000000182e+02 3.099200000000000159e+02 3.111399999999999864e+02 3.127699999999999818e+02 3.145799999999999841e+02 3.163199999999999932e+02 3.177900000000000205e+02 3.177900000000000205e+02 3.188399999999999750e+02 3.193299999999999841e+02 3.192699999999999818e+02 3.186600000000000250e+02 3.176000000000000227e+02 3.162099999999999795e+02 3.145899999999999750e+02 3.129499999999999886e+02 3.113600000000000136e+02
3.103299999999999841e+02 3.086100000000000136e+02 3.073399999999999750e+02 3.067500000000000000e+02 3.069200000000000159e+02 3.076000000000000227e+02 3.087300000000000182e+02 3.101000000000000227e+02 3.115199999999999818e+02 3.115199999999999818e+02 3.128299999999999841e+02 3.138799999999999955e+02 3.145699999999999932e+02 3.148000000000000114e+02 3.146100000000000136e+02 3.140099999999999909e+02 3.130299999999999727e+02 3.117799999999999727e+02 3.103299999999999841e+02
3.093000000000000114e+02 3.075000000000000000e+02 3.059499999999999886e+02 3.049499999999999886e+02 3.046399999999999864e+02 3.048600000000000136e+02 3.056000000000000227e+02 3.066899999999999977e+02 3.079499999999999886e+02 3.079499999999999886e+02 3.092799999999999727e+02 3.104800000000000182e+02 3.114599999999999795e+02 3.120799999999999841e+02 3.123299999999999841e+02 3.121700000000000159e+02 3.115600000000000023e+02 3.105899999999999750e+02 3.093000000000000114e+02
3.082799999999999727e+02 3.080600000000000023e+02 3.081000000000000227e+02 3.083700000000000045e+02 3.088199999999999932e+02 3.093700000000000045e+02 3.099200000000000159e+02 3.104100000000000250e+02 3.107799999999999727e+02 3.107799999999999727e+02 3.109700000000000273e+02 3.109700000000000273e+02 3.107900000000000205e+02 3.104599999999999795e+02 3.100199999999999818e+02 3.095400000000000205e+02 3.090500000000000114e+02 3.086299999999999955e+02 3.082799999999999727e+02
3.108500000000000227e+02 3.090600000000000023e+02 3.074499999999999886e+02 3.063199999999999932e+02 3.058700000000000045e+02 3.059800000000000182e+02 3.066499999999999773e+02 3.077099999999999795e+02 3.089900000000000091e+02 3.089900000000000091e+02 3.103500000000000227e+02 3.116200000000000045e+02 3.126700000000000159e+02 3.133500000000000227e+02 3.136700000000000159e+02 3.135699999999999932e+02 3.130199999999999818e+02 3.121000000000000227e+02 3.108500000000000227e+02
3.102799999999999727e+02 3.098100000000000023e+02 3.098899999999999864e+02 3.104700000000000273e+02 3.114399999999999977e+02 3.125500000000000114e+02 3.136700000000000159e+02 3.146399999999999864e+02 3.153600000000000136e+02 3.153600000000000136e+02 3.157300000000000182e+02 3.157300000000000182e+02 3.153999999999999773e+02 3.147599999999999909e+02 3.138999999999999773e+02 3.129200000000000159e+02 3.119300000000000068e+02 3.110400000000000205e+02 3.102799999999999727e+02
3.088600000000000136e+02 3.087599999999999909e+02 3.089900000000000091e+02 3.094900000000000091e+02 3.101700000000000159e+02 3.108899999999999864e+02 3.115600000000000023e+02 3.120799999999999841e+02 3.124100000000000250e+02 3.124100000000000250e+02 3.125000000000000000e+02 3.123399999999999750e+02 3.119900000000000091e+02 3.114800000000000182e+02 3.108700000000000045e+02 3.102400000000000091e+02 3.096700000000000159e+02 3.091999999999999886e+02 3.088600000000000136e+02
3.084300000000000068e+02 3.086800000000000068e+02 3.090699999999999932e+02 3.095299999999999727e+02 3.099800000000000182e+02 3.103600000000000136e+02 3.106100000000000136e+02 3.106999999999999886e+02 3.106299999999999955e+02 3.106299999999999955e+02 3.104100000000000250e+02 3.100699999999999932e+02 3.096700000000000159e+02 3.092799999999999727e+02 3.089100000000000250e+02 3.086200000000000045e+02 3.084399999999999977e+02 3.083799999999999955e+02 3.084300000000000068e+02
3.101200000000000045e+02 3.102400000000000091e+02 3.114499999999999886e+02 3.133999999999999773e+02 3.156600000000000250e+02 3.178000000000000114e+02 3.195400000000000205e+02 3.206800000000000068e+02 3.211999999999999886e+02 3.211999999999999886e+02 3.210199999999999818e+02 3.202099999999999795e+02 3.189200000000000159e+02 3.173000000000000114e+02 3.155000000000000000e+02 3.137099999999999795e+02 3.121100000000000136e+02 3.108899999999999864e+02 3.101200000000000045e+02
3.083000000000000114e+02 3.082799999999999727e+02 3.085299999999999727e+02 3.089900000000000091e+02 3.095899999999999750e+02 3.102099999999999795e+02 3.107699999999999818e+02 3.111800000000000068e+02 3.114200000000000159e+02 3.114200000000000159e+02 3.114399999999999977e+02 3.112599999999999909e+02 3.109100000000000250e+02 3.104499999999999886e+02 3.099200000000000159e+02 3.093799999999999955e+02 3.089100000000000250e+02 3.085500000000000114e+02 3.083000000000000114e+02
3.085400000000000205e+02 3.099900000000000091e+02 3.116499999999999773e+02 3.131899999999999977e+02 3.143100000000000023e+02 3.149599999999999795e+02 3.150099999999999909e+02 3.145299999999999727e+02 3.136700000000000159e+02 3.136700000000000159e+02 3.125000000000000000e+02 3.111999999999999886e+02 3.099300000000000068e+02 3.088600000000000136e+02 3.080099999999999909e+02 3.075199999999999818e+02 3.074399999999999977e+02 3.077900000000000205e+02 3.085400000000000205e+02
3.097400000000000091e+02 3.079900000000000091e+02 3.066499999999999773e+02 3.059700000000000273e+02 3.060099999999999909e+02 3.065799999999999841e+02 3.076100000000000136e+02 3.089100000000000250e+02 3.102900000000000205e+02 3.102900000000000205e+02 3.116200000000000045e+02 3.127099999999999795e+02 3.134800000000000182e+02 3.138100000000000023e+02 3.137400000000000091e+02 3.132400000000000091e+02 3.123500000000000227e+02 3.111600000000000250e+02 3.097400000000000091e+02
3.165299999999999727e+02 3.175799999999999841e+02 3.186999999999999886e+02 3.197099999999999795e+02 3.204399999999999977e+02 3.208299999999999841e+02 3.207900000000000205e+02 3.203399999999999750e+02 3.196100000000000136e+02 3.196100000000000136e+02 3.186700000000000159e+02 3.176700000000000159e+02 3.167400000000000091e+02 3.160199999999999818e+02 3.155299999999999727e+02 3.153399999999999750e+02 3.154700000000000273e+02 3.158799999999999955e+02 3.165299999999999727e+02
3.066200000000000045e+02 3.067099999999999795e+02 3.069300000000000068e+02 3.072500000000000000e+02 3.076000000000000227e+02 3.079399999999999977e+02 3.082099999999999795e+02 3.083799999999999955e+02 3.084300000000000068e+02 3.084300000000000068e+02 3.083500000000000227e+02 3.081700000000000159e+02 3.078999999999999773e+02 3.076000000000000227e+02 3.073000000000000114e+02 3.070199999999999818e+02 3.068000000000000114e+02 3.066700000000000159e+02 3.066200000000000045e+02
3.113999999999999773e+02 3.100099999999999909e+02 3.090400000000000205e+02 3.086399999999999864e+02 3.088700000000000045e+02 3.095400000000000205e+02 3.105899999999999750e+02 3.118399999999999750e+02 3.131000000000000227e+02 3.131000000000000227e+02 3.142300000000000182e+02 3.150699999999999932e+02 3.155699999999999932e+02 3.156399999999999864e+02 3.153399999999999750e+02 3.146999999999999886e+02 3.137500000000000000e+02 3.126299999999999955e+02 3.113999999999999773e+02
3.093299999999999841e+02 3.096399999999999864e+02 3.103799999999999955e+02 3.113899999999999864e+02 3.124900000000000091e+02 3.134800000000000182e+02 3.142400000000000091e+02 3.146600000000000250e+02 3.147400000000000091e+02 3.147400000000000091e+02 3.144800000000000182e+02 3.139100000000000250e+02 3.131399999999999864e+02 3.122599999999999909e+02 3.113500000000000227e+02 3.105299999999999727e+02 3.098799999999999955e+02 3.094800000000000182e+02 3.093299999999999841e+02
3.116399999999999864e+02 3.096700000000000159e+02 3.091499999999999773e+02 3.100299999999999727e+02 3.120199999999999818e+02 3.144800000000000182e+02 3.171100000000000136e+02 3.195600000000000023e+02 3.215799999999999841e+02 3.215799999999999841e+02 3.229599999999999795e+02 3.235400000000000205e+02 3.233500000000000227e+02 3.223799999999999955e+02 3.207799999999999727e+02 3.187300000000000182e+02 3.163600000000000136e+02 3.139599999999999795e+02 3.116399999999999864e+02
3.100199999999999818e+02 3.080400000000000205e+02 3.066499999999999773e+02 3.060899999999999750e+02 3.064200000000000159e+02 3.073100000000000023e+02 3.086600000000000250e+02 3.102400000000000091e+02 3.118399999999999750e+02 3.118399999999999750e+02 3.133000000000000114e+02 3.144300000000000068e+02 3.151499999999999773e+02 3.153399999999999750e+02 3.150600000000000023e+02 3.143299999999999841e+02 3.131700000000000159e+02 3.116999999999999886e+02 3.100199999999999818e+02
3.098600000000000136e+02 3.081000000000000227e+02 3.067599999999999909e+02 3.060799999999999841e+02 3.061200000000000045e+02 3.066899999999999977e+02 3.077300000000000182e+02 3.090299999999999727e+02 3.104200000000000159e+02 3.104200000000000159e+02 3.117500000000000000e+02 3.128500000000000227e+02 3.136200000000000045e+02 3.139499999999999886e+02 3.138700000000000045e+02 3.133799999999999955e+02 3.124800000000000182e+02 3.112799999999999727e+02 3.098600000000000136e+02
3.184399999999999977e+02 3.174100000000000250e+02 3.165799999999999841e+02 3.160799999999999841e+02 3.160000000000000000e+02 3.162799999999999727e+02 3.169100000000000250e+02 3.177900000000000205e+02 3.187500000000000000e+02 3.187500000000000000e+02 3.196800000000000068e+02 3.204399999999999977e+02 3.209499999999999886e+02 3.211399999999999864e+02 3.210400000000000205e+02 3.206600000000000250e+02 3.200500000000000114e+02 3.192900000000000205e+02 3.184399999999999977e+02
3.131499999999999773e+02 3.137599999999999909e+02 3.145400000000000205e+02 3.153600000000000136e+02 3.160699999999999932e+02 3.165899999999999750e+02 3.168299999999999841e+02 3.167599999999999909e+02 3.164399999999999977e+02 3.164399999999999977e+02 3.158899999999999864e+02 3.151999999999999886e+02 3.144800000000000182e+02 3.138199999999999932e+02 3.132799999999999727e+02 3.129200000000000159e+02 3.127799999999999727e+02 3.128700000000000045e+02 3.131499999999999773e+02
3.108100000000000023e+02 3.112699999999999818e+02 3.118799999999999955e+02 3.125299999999999727e+02 3.131299999999999955e+02 3.135899999999999750e+02 3.138299999999999841e+02 3.138299999999999841e+02 3.136100000000000136e+02 3.136100000000000136e+02 3.131999999999999886e+02 3.126700000000000159e+02 3.120899999999999750e+02 3.115500000000000114e+02 3.110899999999999750e+02 3.107599999999999909e+02 3.106000000000000227e+02 3.106299999999999955e+02 3.108100000000000023e+02
3.090099999999999909e+02 3.072500000000000000e+02 3.059100000000000250e+02 3.052200000000000273e+02 3.052599999999999909e+02 3.058100000000000023e+02 3.068100000000000023e+02 3.080699999999999932e+02 3.094200000000000159e+02 3.094200000000000159e+02 3.107300000000000182e+02 3.118199999999999932e+02 3.126000000000000227e+02 3.129499999999999886e+02 3.129100000000000250e+02 3.124599999999999795e+02 3.115899999999999750e+02 3.104200000000000159e+02 3.090099999999999909e+02
3.119800000000000182e+02 3.097400000000000091e+02 3.091700000000000159e+02 3.102200000000000273e+02 3.125299999999999727e+02 3.153500000000000227e+02 3.183500000000000227e+02 3.211000000000000227e+02 3.233500000000000227e+02 3.233500000000000227e+02 3.248600000000000136e+02 3.254700000000000273e+02 3.252300000000000182e+02 3.241100000000000136e+02 3.222799999999999727e+02 3.199599999999999795e+02 3.173000000000000114e+02 3.146000000000000227e+02 3.119800000000000182e+02
