     1  0.000000000000E+00  0.000000000000E+00  0.000000000000E+00 -4.437252432337E+03  0.000000000000E+00  0.000000000000E+00  0.000000000000E+00  0.000000000000E+00
     2  0.000000000000E+00  0.000000000000E+00  0.000000000000E+00 -9.333729881152E+03  0.000000000000E+00  0.000000000000E+00  0.000000000000E+00  0.000000000000E+00
     3  0.000000000000E+00  0.000000000000E+00  0.000000000000E+00 -9.906705636733E+03  0.000000000000E+00  0.000000000000E+00  0.000000000000E+00  0.000000000000E+00
     4  0.000000000000E+00  0.000000000000E+00  0.000000000000E+00 -9.956106922745E+03  0.000000000000E+00  0.000000000000E+00  0.000000000000E+00  0.000000000000E+00
     5  0.000000000000E+00  0.000000000000E+00  0.000000000000E+00 -9.959766019099E+03  0.000000000000E+00  0.000000000000E+00  0.000000000000E+00  0.000000000000E+00
     6  0.000000000000E+00  0.000000000000E+00  0.000000000000E+00 -9.959164096955E+03  0.000000000000E+00  0.000000000000E+00  0.000000000000E+00  0.000000000000E+00
     7  0.000000000000E+00  0.000000000000E+00  0.000000000000E+00 -9.959557754110E+03  0.000000000000E+00  0.000000000000E+00  0.000000000000E+00  0.000000000000E+00
     8  0.000000000000E+00  0.000000000000E+00  0.000000000000E+00 -9.959064870160E+03  0.000000000000E+00  0.000000000000E+00  0.000000000000E+00  0.000000000000E+00
     9  0.000000000000E+00  0.000000000000E+00  0.000000000000E+00 -9.959074957197E+03  0.000000000000E+00  0.000000000000E+00  0.000000000000E+00  0.000000000000E+00
    10  0.000000000000E+00  0.000000000000E+00  0.000000000000E+00 -9.958845228878E+03  0.000000000000E+00  0.000000000000E+00  0.000000000000E+00  0.000000000000E+00
    11  0.000000000000E+00  0.000000000000E+00  0.000000000000E+00 -9.958919564428E+03  0.000000000000E+00  0.000000000000E+00  0.000000000000E+00  0.000000000000E+00
    12  0.000000000000E+00  0.000000000000E+00  0.000000000000E+00 -9.958942003885E+03  0.000000000000E+00  0.000000000000E+00  0.000000000000E+00  0.000000000000E+00
    13  0.000000000000E+00  0.000000000000E+00  0.000000000000E+00 -9.958886936767E+03  0.000000000000E+00  0.000000000000E+00  0.000000000000E+00  0.000000000000E+00
    14  0.000000000000E+00  0.000000000000E+00  0.000000000000E+00 -9.958878135116E+03  0.000000000000E+00  0.000000000000E+00  0.000000000000E+00  0.000000000000E+00
    15  0.000000000000E+00  0.000000000000E+00  0.000000000000E+00 -9.958876835523E+03  0.000000000000E+00  0.000000000000E+00  0.000000000000E+00  0.000000000000E+00
    16  0.000000000000E+00  0.000000000000E+00  0.000000000000E+00 -9.958871044583E+03  0.000000000000E+00  0.000000000000E+00  0.000000000000E+00  0.000000000000E+00
    17  0.000000000000E+00  0.000000000000E+00  0.000000000000E+00 -9.958881397889E+03  0.000000000000E+00  0.000000000000E+00  0.000000000000E+00  0.000000000000E+00
    18  0.000000000000E+00  0.000000000000E+00  0.000000000000E+00 -9.958867833720E+03  0.000000000000E+00  0.000000000000E+00  0.000000000000E+00  0.000000000000E+00
    19  0.000000000000E+00  0.000000000000E+00  0.000000000000E+00 -9.958875408582E+03  0.000000000000E+00  0.000000000000E+00  0.000000000000E+00  0.000000000000E+00
    20  0.000000000000E+00  0.000000000000E+00  0.000000000000E+00 -9.958837490100E+03  0.000000000000E+00  0.000000000000E+00  0.000000000000E+00  0.000000000000E+00
    21  0.000000000000E+00  0.000000000000E+00  0.000000000000E+00 -9.958857134135E+03  0.000000000000E+00  0.000000000000E+00  0.000000000000E+00  0.000000000000E+00
    22  0.000000000000E+00  0.000000000000E+00  0.000000000000E+00 -9.958840367553E+03  0.000000000000E+00  0.000000000000E+00  0.000000000000E+00  0.000000000000E+00
    23  0.000000000000E+00  0.000000000000E+00  0.000000000000E+00 -9.958845059734E+03  0.000000000000E+00  0.000000000000E+00  0.000000000000E+00  0.000000000000E+00
    24  0.000000000000E+00  0.000000000000E+00  0.000000000000E+00 -9.958867389670E+03  0.000000000000E+00  0.000000000000E+00  0.000000000000E+00  0.000000000000E+00
    25  0.000000000000E+00  0.000000000000E+00  0.000000000000E+00 -9.958867654742E+03  0.000000000000E+00  0.000000000000E+00  0.000000000000E+00  0.000000000000E+00
    26  0.000000000000E+00  0.000000000000E+00  0.000000000000E+00 -9.958909579799E+03  0.000000000000E+00  0.000000000000E+00  0.000000000000E+00  0.000000000000E+00
    27  0.000000000000E+00  0.000000000000E+00  0.000000000000E+00 -9.958889024843E+03  0.000000000000E+00  0.000000000000E+00  0.000000000000E+00  0.000000000000E+00
    28  0.000000000000E+00  0.000000000000E+00  0.000000000000E+00 -9.958901475096E+03  0.000000000000E+00  0.000000000000E+00  0.000000000000E+00  0.000000000000E+00
    29  0.000000000000E+00  0.000000000000E+00  0.000000000000E+00 -9.958918865631E+03  0.000000000000E+00  0.000000000000E+00  0.000000000000E+00  0.000000000000E+00
    30  0.000000000000E+00  0.000000000000E+00  0.000000000000E+00 -9.958895556398E+03  0.000000000000E+00  0.000000000000E+00  0.000000000000E+00  0.000000000000E+00
    31  0.000000000000E+00  0.000000000000E+00  0.000000000000E+00 -9.958882427090E+03  0.000000000000E+00  0.000000000000E+00  0.000000000000E+00  0.000000000000E+00
    32  0.000000000000E+00  0.000000000000E+00  0.000000000000E+00 -9.958913503874E+03  0.000000000000E+00  0.000000000000E+00  0.000000000000E+00  0.000000000000E+00
    33  0.000000000000E+00  0.000000000000E+00  0.000000000000E+00 -9.958850473940E+03  0.000000000000E+00  0.000000000000E+00  0.000000000000E+00  0.000000000000E+00
    34  0.000000000000E+00  0.000000000000E+00  0.000000000000E+00 -9.958893695124E+03  0.000000000000E+00  0.000000000000E+00  0.000000000000E+00  0.000000000000E+00
    35  0.000000000000E+00  0.000000000000E+00  0.000000000000E+00 -9.958865563490E+03  0.000000000000E+00  0.000000000000E+00  0.000000000000E+00  0.000000000000E+00
    36  0.000000000000E+00  0.000000000000E+00  0.000000000000E+00 -9.958879378335E+03  0.000000000000E+00  0.000000000000E+00  0.000000000000E+00  0.000000000000E+00
    37  0.000000000000E+00  0.000000000000E+00  0.000000000000E+00 -9.958865979435E+03  0.000000000000E+00  0.000000000000E+00  0.000000000000E+00  0.000000000000E+00
    38  0.000000000000E+00  0.000000000000E+00  0.000000000000E+00 -9.958872174265E+03  0.000000000000E+00  0.000000000000E+00  0.000000000000E+00  0.000000000000E+00
    39  0.000000000000E+00  0.000000000000E+00  0.000000000000E+00 -9.958867958745E+03  0.000000000000E+00  0.000000000000E+00  0.000000000000E+00  0.000000000000E+00
    40  0.000000000000E+00  0.000000000000E+00  0.000000000000E+00 -9.958861189920E+03  0.000000000000E+00  0.000000000000E+00  0.000000000000E+00  0.000000000000E+00
    41  0.000000000000E+00  0.000000000000E+00  0.000000000000E+00 -9.958855263788E+03  0.000000000000E+00  0.000000000000E+00  0.000000000000E+00  0.000000000000E+00
    42  0.000000000000E+00  0.000000000000E+00  0.000000000000E+00 -9.958884392102E+03  0.000000000000E+00  0.000000000000E+00  0.000000000000E+00  0.000000000000E+00
    43  0.000000000000E+00  0.000000000000E+00  0.000000000000E+00 -9.958878834708E+03  0.000000000000E+00  0.000000000000E+00  0.000000000000E+00  0.000000000000E+00
    44  0.000000000000E+00  0.000000000000E+00  0.000000000000E+00 -9.958880090637E+03  0.000000000000E+00  0.000000000000E+00  0.000000000000E+00  0.000000000000E+00
    45  0.000000000000E+00  0.000000000000E+00  0.000000000000E+00 -9.958888347701E+03  0.000000000000E+00  0.000000000000E+00  0.000000000000E+00  0.000000000000E+00
    46  0.000000000000E+00  0.000000000000E+00  0.000000000000E+00 -9.958898933013E+03  0.000000000000E+00  0.000000000000E+00  0.000000000000E+00  0.000000000000E+00
    47  0.000000000000E+00  0.000000000000E+00  0.000000000000E+00 -9.958890667242E+03  0.000000000000E+00  0.000000000000E+00  0.000000000000E+00  0.000000000000E+00
    48  0.000000000000E+00  0.000000000000E+00  0.000000000000E+00 -9.958901378536E+03  0.000000000000E+00  0.000000000000E+00  0.000000000000E+00  0.000000000000E+00
    49  0.000000000000E+00  0.000000000000E+00  0.000000000000E+00 -9.958890104861E+03  0.000000000000E+00  0.000000000000E+00  0.000000000000E+00  0.000000000000E+00
    50  0.000000000000E+00  0.000000000000E+00  0.000000000000E+00 -9.958881875621E+03  0.000000000000E+00  0.000000000000E+00  0.000000000000E+00  0.000000000000E+00
    51  0.000000000000E+00  0.000000000000E+00  0.000000000000E+00 -9.958889486465E+03  0.000000000000E+00  0.000000000000E+00  0.000000000000E+00  0.000000000000E+00
    52  0.000000000000E+00  0.000000000000E+00  0.000000000000E+00 -9.958871718149E+03  0.000000000000E+00  0.000000000000E+00  0.000000000000E+00  0.000000000000E+00
    53  0.000000000000E+00  0.000000000000E+00  0.000000000000E+00 -9.958868837700E+03  0.000000000000E+00  0.000000000000E+00  0.000000000000E+00  0.000000000000E+00
    54  0.000000000000E+00  0.000000000000E+00  0.000000000000E+00 -9.958877407480E+03  0.000000000000E+00  0.000000000000E+00  0.000000000000E+00  0.000000000000E+00
    55  0.000000000000E+00  0.000000000000E+00  0.000000000000E+00 -9.958858652366E+03  0.000000000000E+00  0.000000000000E+00  0.000000000000E+00  0.000000000000E+00
    56  0.000000000000E+00  0.000000000000E+00  0.000000000000E+00 -9.958863388965E+03  0.000000000000E+00  0.000000000000E+00  0.000000000000E+00  0.000000000000E+00
    57  0.000000000000E+00  0.000000000000E+00  0.000000000000E+00 -9.958880739709E+03  0.000000000000E+00  0.000000000000E+00  0.000000000000E+00  0.000000000000E+00
    58  0.000000000000E+00  0.000000000000E+00  0.000000000000E+00 -9.958876661571E+03  0.000000000000E+00  0.000000000000E+00  0.000000000000E+00  0.000000000000E+00
    59  0.000000000000E+00  0.000000000000E+00  0.000000000000E+00 -9.958876371019E+03  0.000000000000E+00  0.000000000000E+00  0.000000000000E+00  0.000000000000E+00
    60  0.000000000000E+00  0.000000000000E+00  0.000000000000E+00 -9.958892764560E+03  0.000000000000E+00  0.000000000000E+00  0.000000000000E+00  0.000000000000E+00
    61  0.000000000000E+00  0.000000000000E+00  0.000000000000E+00 -9.958885820200E+03  0.000000000000E+00  0.000000000000E+00  0.000000000000E+00  0.000000000000E+00
    62  0.000000000000E+00  0.000000000000E+00  0.000000000000E+00 -9.958890160424E+03  0.000000000000E+00  0.000000000000E+00  0.000000000000E+00  0.000000000000E+00
    63  0.000000000000E+00  0.000000000000E+00  0.000000000000E+00 -9.958892522781E+03  0.000000000000E+00  0.000000000000E+00  0.000000000000E+00  0.000000000000E+00
    64  0.000000000000E+00  0.000000000000E+00  0.000000000000E+00 -9.958896716916E+03  0.000000000000E+00  0.000000000000E+00  0.000000000000E+00  0.000000000000E+00
    65  0.000000000000E+00  0.000000000000E+00  0.000000000000E+00 -9.958897059760E+03  0.000000000000E+00  0.000000000000E+00  0.000000000000E+00  0.000000000000E+00
    66  0.000000000000E+00  0.000000000000E+00  0.000000000000E+00 -9.958891072305E+03  0.000000000000E+00  0.000000000000E+00  0.000000000000E+00  0.000000000000E+00
    67  0.000000000000E+00  0.000000000000E+00  0.000000000000E+00 -9.958888838926E+03  0.000000000000E+00  0.000000000000E+00  0.000000000000E+00  0.000000000000E+00
    68  0.000000000000E+00  0.000000000000E+00  0.000000000000E+00 -9.958888647878E+03  0.000000000000E+00  0.000000000000E+00  0.000000000000E+00  0.000000000000E+00
    69  0.000000000000E+00  0.000000000000E+00  0.000000000000E+00 -9.958875460478E+03  0.000000000000E+00  0.000000000000E+00  0.000000000000E+00  0.000000000000E+00
    70  0.000000000000E+00  0.000000000000E+00  0.000000000000E+00 -9.958885270412E+03  0.000000000000E+00  0.000000000000E+00  0.000000000000E+00  0.000000000000E+00
    71  0.000000000000E+00  0.000000000000E+00  0.000000000000E+00 -9.958874095655E+03  0.000000000000E+00  0.000000000000E+00  0.000000000000E+00  0.000000000000E+00
    72  0.000000000000E+00  0.000000000000E+00  0.000000000000E+00 -9.958878518150E+03  0.000000000000E+00  0.000000000000E+00  0.000000000000E+00  0.000000000000E+00
    73  0.000000000000E+00  0.000000000000E+00  0.000000000000E+00 -9.958882126647E+03  0.000000000000E+00  0.000000000000E+00  0.000000000000E+00  0.000000000000E+00
    74  0.000000000000E+00  0.000000000000E+00  0.000000000000E+00 -9.958878426278E+03  0.000000000000E+00  0.000000000000E+00  0.000000000000E+00  0.000000000000E+00
    75  0.000000000000E+00  0.000000000000E+00  0.000000000000E+00 -9.958876971001E+03  0.000000000000E+00  0.000000000000E+00  0.000000000000E+00  0.000000000000E+00
    76  0.000000000000E+00  0.000000000000E+00  0.000000000000E+00 -9.958879849899E+03  0.000000000000E+00  0.000000000000E+00  0.000000000000E+00  0.000000000000E+00
    77  0.000000000000E+00  0.000000000000E+00  0.000000000000E+00 -9.958881404018E+03  0.000000000000E+00  0.000000000000E+00  0.000000000000E+00  0.000000000000E+00
    78  0.000000000000E+00  0.000000000000E+00  0.000000000000E+00 -9.958885816585E+03  0.000000000000E+00  0.000000000000E+00  0.000000000000E+00  0.000000000000E+00
    79  0.000000000000E+00  0.000000000000E+00  0.000000000000E+00 -9.958885589766E+03  0.000000000000E+00  0.000000000000E+00  0.000000000000E+00  0.000000000000E+00
    80  0.000000000000E+00  0.000000000000E+00  0.000000000000E+00 -9.958889870141E+03  0.000000000000E+00  0.000000000000E+00  0.000000000000E+00  0.000000000000E+00
    81  0.000000000000E+00  0.000000000000E+00  0.000000000000E+00 -9.958886746848E+03  0.000000000000E+00  0.000000000000E+00  0.000000000000E+00  0.000000000000E+00
    82  0.000000000000E+00  0.000000000000E+00  0.000000000000E+00 -9.958890118163E+03  0.000000000000E+00  0.000000000000E+00  0.000000000000E+00  0.000000000000E+00
    83  0.000000000000E+00  0.000000000000E+00  0.000000000000E+00 -9.958889978553E+03  0.000000000000E+00  0.000000000000E+00  0.000000000000E+00  0.000000000000E+00
    84  0.000000000000E+00  0.000000000000E+00  0.000000000000E+00 -9.958886723370E+03  0.000000000000E+00  0.000000000000E+00  0.000000000000E+00  0.000000000000E+00
    85  0.000000000000E+00  0.000000000000E+00  0.000000000000E+00 -9.958886325555E+03  0.000000000000E+00  0.000000000000E+00  0.000000000000E+00  0.000000000000E+00
    86  0.000000000000E+00  0.000000000000E+00  0.000000000000E+00 -9.958882211593E+03  0.000000000000E+00  0.000000000000E+00  0.000000000000E+00  0.000000000000E+00
    87  0.000000000000E+00  0.000000000000E+00  0.000000000000E+00 -9.958880240378E+03  0.000000000000E+00  0.000000000000E+00  0.000000000000E+00  0.000000000000E+00
    88  0.000000000000E+00  0.000000000000E+00  0.000000000000E+00 -9.958884425936E+03  0.000000000000E+00  0.000000000000E+00  0.000000000000E+00  0.000000000000E+00
    89  0.000000000000E+00  0.000000000000E+00  0.000000000000E+00 -9.958881057749E+03  0.000000000000E+00  0.000000000000E+00  0.000000000000E+00  0.000000000000E+00
    90  0.000000000000E+00  0.000000000000E+00  0.000000000000E+00 -9.958877753247E+03  0.000000000000E+00  0.000000000000E+00  0.000000000000E+00  0.000000000000E+00
    91  0.000000000000E+00  0.000000000000E+00  0.000000000000E+00 -9.958879722307E+03  0.000000000000E+00  0.000000000000E+00  0.000000000000E+00  0.000000000000E+00
    92  0.000000000000E+00  0.000000000000E+00  0.000000000000E+00 -9.958882086126E+03  0.000000000000E+00  0.000000000000E+00  0.000000000000E+00  0.000000000000E+00
    93  0.000000000000E+00  0.000000000000E+00  0.000000000000E+00 -9.958880749582E+03  0.000000000000E+00  0.000000000000E+00  0.000000000000E+00  0.000000000000E+00
    94  0.000000000000E+00  0.000000000000E+00  0.000000000000E+00 -9.958880502233E+03  0.000000000000E+00  0.000000000000E+00  0.000000000000E+00  0.000000000000E+00
    95  0.000000000000E+00  0.000000000000E+00  0.000000000000E+00 -9.958884325068E+03  0.000000000000E+00  0.000000000000E+00  0.000000000000E+00  0.000000000000E+00
    96  0.000000000000E+00  0.000000000000E+00  0.000000000000E+00 -9.958884868150E+03  0.000000000000E+00  0.000000000000E+00  0.000000000000E+00  0.000000000000E+00
    97  0.000000000000E+00  0.000000000000E+00  0.000000000000E+00 -9.958882984702E+03  0.000000000000E+00  0.000000000000E+00  0.000000000000E+00  0.000000000000E+00
    98  0.000000000000E+00  0.000000000000E+00  0.000000000000E+00 -9.958882812848E+03  0.000000000000E+00  0.000000000000E+00  0.000000000000E+00  0.000000000000E+00
    99  0.000000000000E+00  0.000000000000E+00  0.000000000000E+00 -9.958884822498E+03  0.000000000000E+00  0.000000000000E+00  0.000000000000E+00  0.000000000000E+00
   100  0.000000000000E+00  0.000000000000E+00  0.000000000000E+00 -9.958885975587E+03  0.000000000000E+00  0.000000000000E+00  0.000000000000E+00  0.000000000000E+00
   101  0.000000000000E+00  0.000000000000E+00  0.000000000000E+00 -9.958882414953E+03  0.000000000000E+00  0.000000000000E+00  0.000000000000E+00  0.000000000000E+00
   102  0.000000000000E+00  0.000000000000E+00  0.000000000000E+00 -9.958883246370E+03  0.000000000000E+00  0.000000000000E+00  0.000000000000E+00  0.000000000000E+00
   103  0.000000000000E+00  0.000000000000E+00  0.000000000000E+00 -9.958884531411E+03  0.000000000000E+00  0.000000000000E+00  0.000000000000E+00  0.000000000000E+00
   104  0.000000000000E+00  0.000000000000E+00  0.000000000000E+00 -9.958882117904E+03  0.000000000000E+00  0.000000000000E+00  0.000000000000E+00  0.000000000000E+00
   105  0.000000000000E+00  0.000000000000E+00  0.000000000000E+00 -9.958881361613E+03  0.000000000000E+00  0.000000000000E+00  0.000000000000E+00  0.000000000000E+00
   106  0.000000000000E+00  0.000000000000E+00  0.000000000000E+00 -9.958881422521E+03  0.000000000000E+00  0.000000000000E+00  0.000000000000E+00  0.000000000000E+00
   107  0.000000000000E+00  0.000000000000E+00  0.000000000000E+00 -9.958880415163E+03  0.000000000000E+00  0.000000000000E+00  0.000000000000E+00  0.000000000000E+00
   108  0.000000000000E+00  0.000000000000E+00  0.000000000000E+00 -9.958880298291E+03  0.000000000000E+00  0.000000000000E+00  0.000000000000E+00  0.000000000000E+00
   109  0.000000000000E+00  0.000000000000E+00  0.000000000000E+00 -9.958881354015E+03  0.000000000000E+00  0.000000000000E+00  0.000000000000E+00  0.000000000000E+00
   110  0.000000000000E+00  0.000000000000E+00  0.000000000000E+00 -9.958879268855E+03  0.000000000000E+00  0.000000000000E+00  0.000000000000E+00  0.000000000000E+00
   111  0.000000000000E+00  0.000000000000E+00  0.000000000000E+00 -9.958879615593E+03  0.000000000000E+00  0.000000000000E+00  0.000000000000E+00  0.000000000000E+00
   112  0.000000000000E+00  0.000000000000E+00  0.000000000000E+00 -9.958880953928E+03  0.000000000000E+00  0.000000000000E+00  0.000000000000E+00  0.000000000000E+00
   113  0.000000000000E+00  0.000000000000E+00  0.000000000000E+00 -9.958881363748E+03  0.000000000000E+00  0.000000000000E+00  0.000000000000E+00  0.000000000000E+00
   114  0.000000000000E+00  0.000000000000E+00  0.000000000000E+00 -9.958881162929E+03  0.000000000000E+00  0.000000000000E+00  0.000000000000E+00  0.000000000000E+00
   115  0.000000000000E+00  0.000000000000E+00  0.000000000000E+00 -9.958882005224E+03  0.000000000000E+00  0.000000000000E+00  0.000000000000E+00  0.000000000000E+00
   116  0.000000000000E+00  0.000000000000E+00  0.000000000000E+00 -9.958883145519E+03  0.000000000000E+00  0.000000000000E+00  0.000000000000E+00  0.000000000000E+00
   117  0.000000000000E+00  0.000000000000E+00  0.000000000000E+00 -9.958882804860E+03  0.000000000000E+00  0.000000000000E+00  0.000000000000E+00  0.000000000000E+00
   118  0.000000000000E+00  0.000000000000E+00  0.000000000000E+00 -9.958881301515E+03  0.000000000000E+00  0.000000000000E+00  0.000000000000E+00  0.000000000000E+00
   119  0.000000000000E+00  0.000000000000E+00  0.000000000000E+00 -9.958882198474E+03  0.000000000000E+00  0.000000000000E+00  0.000000000000E+00  0.000000000000E+00
   120  0.000000000000E+00  0.000000000000E+00  0.000000000000E+00 -9.958881968002E+03  0.000000000000E+00  0.000000000000E+00  0.000000000000E+00  0.000000000000E+00
   121  0.000000000000E+00  0.000000000000E+00  0.000000000000E+00 -9.958881531749E+03  0.000000000000E+00  0.000000000000E+00  0.000000000000E+00  0.000000000000E+00
   122  0.000000000000E+00  0.000000000000E+00  0.000000000000E+00 -9.958881362223E+03  0.000000000000E+00  0.000000000000E+00  0.000000000000E+00  0.000000000000E+00
   123  0.000000000000E+00  0.000000000000E+00  0.000000000000E+00 -9.958881398545E+03  0.000000000000E+00  0.000000000000E+00  0.000000000000E+00  0.000000000000E+00
   124  0.000000000000E+00  0.000000000000E+00  0.000000000000E+00 -9.958880736056E+03  0.000000000000E+00  0.000000000000E+00  0.000000000000E+00  0.000000000000E+00
   125  0.000000000000E+00  0.000000000000E+00  0.000000000000E+00 -9.958881188734E+03  0.000000000000E+00  0.000000000000E+00  0.000000000000E+00  0.000000000000E+00
   126  0.000000000000E+00  0.000000000000E+00  0.000000000000E+00 -9.958881716973E+03  0.000000000000E+00  0.000000000000E+00  0.000000000000E+00  0.000000000000E+00
   127  0.000000000000E+00  0.000000000000E+00  0.000000000000E+00 -9.958881094006E+03  0.000000000000E+00  0.000000000000E+00  0.000000000000E+00  0.000000000000E+00
   128  0.000000000000E+00  0.000000000000E+00  0.000000000000E+00 -9.958880802006E+03  0.000000000000E+00  0.000000000000E+00  0.000000000000E+00  0.000000000000E+00
   129  0.000000000000E+00  0.000000000000E+00  0.000000000000E+00 -9.958879703462E+03  0.000000000000E+00  0.000000000000E+00  0.000000000000E+00  0.000000000000E+00
   130  0.000000000000E+00  0.000000000000E+00  0.000000000000E+00 -9.958880969515E+03  0.000000000000E+00  0.000000000000E+00  0.000000000000E+00  0.000000000000E+00
   131  0.000000000000E+00  0.000000000000E+00  0.000000000000E+00 -9.958881496291E+03  0.000000000000E+00  0.000000000000E+00  0.000000000000E+00  0.000000000000E+00
   132  0.000000000000E+00  0.000000000000E+00  0.000000000000E+00 -9.958881529831E+03  0.000000000000E+00  0.000000000000E+00  0.000000000000E+00  0.000000000000E+00
   133  0.000000000000E+00  0.000000000000E+00  0.000000000000E+00 -9.958881317066E+03  0.000000000000E+00  0.000000000000E+00  0.000000000000E+00  0.000000000000E+00
   134  0.000000000000E+00  0.000000000000E+00  0.000000000000E+00 -9.958882085197E+03  0.000000000000E+00  0.000000000000E+00  0.000000000000E+00  0.000000000000E+00
   135  0.000000000000E+00  0.000000000000E+00  0.000000000000E+00 -9.958881590455E+03  0.000000000000E+00  0.000000000000E+00  0.000000000000E+00  0.000000000000E+00
   136  0.000000000000E+00  0.000000000000E+00  0.000000000000E+00 -9.958882080315E+03  0.000000000000E+00  0.000000000000E+00  0.000000000000E+00  0.000000000000E+00
   137  0.000000000000E+00  0.000000000000E+00  0.000000000000E+00 -9.958881839703E+03  0.000000000000E+00  0.000000000000E+00  0.000000000000E+00  0.000000000000E+00
   138  0.000000000000E+00  0.000000000000E+00  0.000000000000E+00 -9.958882026228E+03  0.000000000000E+00  0.000000000000E+00  0.000000000000E+00  0.000000000000E+00
   139  0.000000000000E+00  0.000000000000E+00  0.000000000000E+00 -9.958881718598E+03  0.000000000000E+00  0.000000000000E+00  0.000000000000E+00  0.000000000000E+00
   140  0.000000000000E+00  0.000000000000E+00  0.000000000000E+00 -9.958881612610E+03  0.000000000000E+00  0.000000000000E+00  0.000000000000E+00  0.000000000000E+00
   141  0.000000000000E+00  0.000000000000E+00  0.000000000000E+00 -9.958881849074E+03  0.000000000000E+00  0.000000000000E+00  0.000000000000E+00  0.000000000000E+00
   142  0.000000000000E+00  0.000000000000E+00  0.000000000000E+00 -9.958881571198E+03  0.000000000000E+00  0.000000000000E+00  0.000000000000E+00  0.000000000000E+00
   143  0.000000000000E+00  0.000000000000E+00  0.000000000000E+00 -9.958881272538E+03  0.000000000000E+00  0.000000000000E+00  0.000000000000E+00  0.000000000000E+00
   144  0.000000000000E+00  0.000000000000E+00  0.000000000000E+00 -9.958881377435E+03  0.000000000000E+00  0.000000000000E+00  0.000000000000E+00  0.000000000000E+00
   145  0.000000000000E+00  0.000000000000E+00  0.000000000000E+00 -9.958881427601E+03  0.000000000000E+00  0.000000000000E+00  0.000000000000E+00  0.000000000000E+00
   146  0.000000000000E+00  0.000000000000E+00  0.000000000000E+00 -9.958880966383E+03  0.000000000000E+00  0.000000000000E+00  0.000000000000E+00  0.000000000000E+00
   147  0.000000000000E+00  0.000000000000E+00  0.000000000000E+00 -9.958880927612E+03  0.000000000000E+00  0.000000000000E+00  0.000000000000E+00  0.000000000000E+00
   148  0.000000000000E+00  0.000000000000E+00  0.000000000000E+00 -9.958881049914E+03  0.000000000000E+00  0.000000000000E+00  0.000000000000E+00  0.000000000000E+00
   149  0.000000000000E+00  0.000000000000E+00  0.000000000000E+00 -9.958881400607E+03  0.000000000000E+00  0.000000000000E+00  0.000000000000E+00  0.000000000000E+00
   150  0.000000000000E+00  0.000000000000E+00  0.000000000000E+00 -9.958881410651E+03  0.000000000000E+00  0.000000000000E+00  0.000000000000E+00  0.000000000000E+00
   151  0.000000000000E+00  0.000000000000E+00  0.000000000000E+00 -9.958881472578E+03  0.000000000000E+00  0.000000000000E+00  0.000000000000E+00  0.000000000000E+00
   152  0.000000000000E+00  0.000000000000E+00  0.000000000000E+00 -9.958881390968E+03  0.000000000000E+00  0.000000000000E+00  0.000000000000E+00  0.000000000000E+00
   153  0.000000000000E+00  0.000000000000E+00  0.000000000000E+00 -9.958881453813E+03  0.000000000000E+00  0.000000000000E+00  0.000000000000E+00  0.000000000000E+00
   154  0.000000000000E+00  0.000000000000E+00  0.000000000000E+00 -9.958881751477E+03  0.000000000000E+00  0.000000000000E+00  0.000000000000E+00  0.000000000000E+00
   155  0.000000000000E+00  0.000000000000E+00  0.000000000000E+00 -9.958881768525E+03  0.000000000000E+00  0.000000000000E+00  0.000000000000E+00  0.000000000000E+00
   156  0.000000000000E+00  0.000000000000E+00  0.000000000000E+00 -9.958881503252E+03  0.000000000000E+00  0.000000000000E+00  0.000000000000E+00  0.000000000000E+00
   157  0.000000000000E+00  0.000000000000E+00  0.000000000000E+00 -9.958881598940E+03  0.000000000000E+00  0.000000000000E+00  0.000000000000E+00  0.000000000000E+00
   158  0.000000000000E+00  0.000000000000E+00  0.000000000000E+00 -9.958881623222E+03  0.000000000000E+00  0.000000000000E+00  0.000000000000E+00  0.000000000000E+00
   159  0.000000000000E+00  0.000000000000E+00  0.000000000000E+00 -9.958881570888E+03  0.000000000000E+00  0.000000000000E+00  0.000000000000E+00  0.000000000000E+00
   160  0.000000000000E+00  0.000000000000E+00  0.000000000000E+00 -9.958881427644E+03  0.000000000000E+00  0.000000000000E+00  0.000000000000E+00  0.000000000000E+00
   161  0.000000000000E+00  0.000000000000E+00  0.000000000000E+00 -9.958881407880E+03  0.000000000000E+00  0.000000000000E+00  0.000000000000E+00  0.000000000000E+00
   162  0.000000000000E+00  0.000000000000E+00  0.000000000000E+00 -9.958881309583E+03  0.000000000000E+00  0.000000000000E+00  0.000000000000E+00  0.000000000000E+00
   163  0.000000000000E+00  0.000000000000E+00  0.000000000000E+00 -9.958881212074E+03  0.000000000000E+00  0.000000000000E+00  0.000000000000E+00  0.000000000000E+00
   164  0.000000000000E+00  0.000000000000E+00  0.000000000000E+00 -9.958881146311E+03  0.000000000000E+00  0.000000000000E+00  0.000000000000E+00  0.000000000000E+00
   165  0.000000000000E+00  0.000000000000E+00  0.000000000000E+00 -9.958881320557E+03  0.000000000000E+00  0.000000000000E+00  0.000000000000E+00  0.000000000000E+00
   166  0.000000000000E+00  0.000000000000E+00  0.000000000000E+00 -9.958881325526E+03  0.000000000000E+00  0.000000000000E+00  0.000000000000E+00  0.000000000000E+00
   167  0.000000000000E+00  0.000000000000E+00  0.000000000000E+00 -9.958881302648E+03  0.000000000000E+00  0.000000000000E+00  0.000000000000E+00  0.000000000000E+00
   168  0.000000000000E+00  0.000000000000E+00  0.000000000000E+00 -9.958881235616E+03  0.000000000000E+00  0.000000000000E+00  0.000000000000E+00  0.000000000000E+00
   169  0.000000000000E+00  0.000000000000E+00  0.000000000000E+00 -9.958881155374E+03  0.000000000000E+00  0.000000000000E+00  0.000000000000E+00  0.000000000000E+00
   170  0.000000000000E+00  0.000000000000E+00  0.000000000000E+00 -9.958881317621E+03  0.000000000000E+00  0.000000000000E+00  0.000000000000E+00  0.000000000000E+00
   171  0.000000000000E+00  0.000000000000E+00  0.000000000000E+00 -9.958881488652E+03  0.000000000000E+00  0.000000000000E+00  0.000000000000E+00  0.000000000000E+00
   172  0.000000000000E+00  0.000000000000E+00  0.000000000000E+00 -9.958881440185E+03  0.000000000000E+00  0.000000000000E+00  0.000000000000E+00  0.000000000000E+00
   173  0.000000000000E+00  0.000000000000E+00  0.000000000000E+00 -9.958881442861E+03  0.000000000000E+00  0.000000000000E+00  0.000000000000E+00  0.000000000000E+00
   174  0.000000000000E+00  0.000000000000E+00  0.000000000000E+00 -9.958881447513E+03  0.000000000000E+00  0.000000000000E+00  0.000000000000E+00  0.000000000000E+00
   175  0.000000000000E+00  0.000000000000E+00  0.000000000000E+00 -9.958881524599E+03  0.000000000000E+00  0.000000000000E+00  0.000000000000E+00  0.000000000000E+00
   176  0.000000000000E+00  0.000000000000E+00  0.000000000000E+00 -9.958881493450E+03  0.000000000000E+00  0.000000000000E+00  0.000000000000E+00  0.000000000000E+00
   177  0.000000000000E+00  0.000000000000E+00  0.000000000000E+00 -9.958881451794E+03  0.000000000000E+00  0.000000000000E+00  0.000000000000E+00  0.000000000000E+00
   178  0.000000000000E+00  0.000000000000E+00  0.000000000000E+00 -9.958881450833E+03  0.000000000000E+00  0.000000000000E+00  0.000000000000E+00  0.000000000000E+00
   179  0.000000000000E+00  0.000000000000E+00  0.000000000000E+00 -9.958881387188E+03  0.000000000000E+00  0.000000000000E+00  0.000000000000E+00  0.000000000000E+00
   180  0.000000000000E+00  0.000000000000E+00  0.000000000000E+00 -9.958881356564E+03  0.000000000000E+00  0.000000000000E+00  0.000000000000E+00  0.000000000000E+00
   181  0.000000000000E+00  0.000000000000E+00  0.000000000000E+00 -9.958881336911E+03  0.000000000000E+00  0.000000000000E+00  0.000000000000E+00  0.000000000000E+00
   182  0.000000000000E+00  0.000000000000E+00  0.000000000000E+00 -9.958881302440E+03  0.000000000000E+00  0.000000000000E+00  0.000000000000E+00  0.000000000000E+00
   183  0.000000000000E+00  0.000000000000E+00  0.000000000000E+00 -9.958881344935E+03  0.000000000000E+00  0.000000000000E+00  0.000000000000E+00  0.000000000000E+00
   184  0.000000000000E+00  0.000000000000E+00  0.000000000000E+00 -9.958881362976E+03  0.000000000000E+00  0.000000000000E+00  0.000000000000E+00  0.000000000000E+00
   185  0.000000000000E+00  0.000000000000E+00  0.000000000000E+00 -9.958881357411E+03  0.000000000000E+00  0.000000000000E+00  0.000000000000E+00  0.000000000000E+00
   186  0.000000000000E+00  0.000000000000E+00  0.000000000000E+00 -9.958881359157E+03  0.000000000000E+00  0.000000000000E+00  0.000000000000E+00  0.000000000000E+00
   187  0.000000000000E+00  0.000000000000E+00  0.000000000000E+00 -9.958881386370E+03  0.000000000000E+00  0.000000000000E+00  0.000000000000E+00  0.000000000000E+00
   188  0.000000000000E+00  0.000000000000E+00  0.000000000000E+00 -9.958881411717E+03  0.000000000000E+00  0.000000000000E+00  0.000000000000E+00  0.000000000000E+00
   189  0.000000000000E+00  0.000000000000E+00  0.000000000000E+00 -9.958881442779E+03  0.000000000000E+00  0.000000000000E+00  0.000000000000E+00  0.000000000000E+00
   190  0.000000000000E+00  0.000000000000E+00  0.000000000000E+00 -9.958881428630E+03  0.000000000000E+00  0.000000000000E+00  0.000000000000E+00  0.000000000000E+00
   191  0.000000000000E+00  0.000000000000E+00  0.000000000000E+00 -9.958881418250E+03  0.000000000000E+00  0.000000000000E+00  0.000000000000E+00  0.000000000000E+00
   192  0.000000000000E+00  0.000000000000E+00  0.000000000000E+00 -9.958881414821E+03  0.000000000000E+00  0.000000000000E+00  0.000000000000E+00  0.000000000000E+00
   193  0.000000000000E+00  0.000000000000E+00  0.000000000000E+00 -9.958881426889E+03  0.000000000000E+00  0.000000000000E+00  0.000000000000E+00  0.000000000000E+00
   194  0.000000000000E+00  0.000000000000E+00  0.000000000000E+00 -9.958881437666E+03  0.000000000000E+00  0.000000000000E+00  0.000000000000E+00  0.000000000000E+00
   195  0.000000000000E+00  0.000000000000E+00  0.000000000000E+00 -9.958881420057E+03  0.000000000000E+00  0.000000000000E+00  0.000000000000E+00  0.000000000000E+00
   196  0.000000000000E+00  0.000000000000E+00  0.000000000000E+00 -9.958881411483E+03  0.000000000000E+00  0.000000000000E+00  0.000000000000E+00  0.000000000000E+00
   197  0.000000000000E+00  0.000000000000E+00  0.000000000000E+00 -9.958881384451E+03  0.000000000000E+00  0.000000000000E+00  0.000000000000E+00  0.000000000000E+00
   198  0.000000000000E+00  0.000000000000E+00  0.000000000000E+00 -9.958881391672E+03  0.000000000000E+00  0.000000000000E+00  0.000000000000E+00  0.000000000000E+00
   199  0.000000000000E+00  0.000000000000E+00  0.000000000000E+00 -9.958881371692E+03  0.000000000000E+00  0.000000000000E+00  0.000000000000E+00  0.000000000000E+00
   200  0.000000000000E+00  0.000000000000E+00  0.000000000000E+00 -9.958881381069E+03  0.000000000000E+00  0.000000000000E+00  0.000000000000E+00  0.000000000000E+00
   201  0.000000000000E+00  0.000000000000E+00  0.000000000000E+00 -9.958881376696E+03  0.000000000000E+00  0.000000000000E+00  0.000000000000E+00  0.000000000000E+00
   202  0.000000000000E+00  0.000000000000E+00  0.000000000000E+00 -9.958881376148E+03  0.000000000000E+00  0.000000000000E+00  0.000000000000E+00  0.000000000000E+00
   203  0.000000000000E+00  0.000000000000E+00  0.000000000000E+00 -9.958881386516E+03  0.000000000000E+00  0.000000000000E+00  0.000000000000E+00  0.000000000000E+00
   204  0.000000000000E+00  0.000000000000E+00  0.000000000000E+00 -9.958881408012E+03  0.000000000000E+00  0.000000000000E+00  0.000000000000E+00  0.000000000000E+00
   205  0.000000000000E+00  0.000000000000E+00  0.000000000000E+00 -9.958881407650E+03  0.000000000000E+00  0.000000000000E+00  0.000000000000E+00  0.000000000000E+00
   206  0.000000000000E+00  0.000000000000E+00  0.000000000000E+00 -9.958881417309E+03  0.000000000000E+00  0.000000000000E+00  0.000000000000E+00  0.000000000000E+00
   207  0.000000000000E+00  0.000000000000E+00  0.000000000000E+00 -9.958881419603E+03  0.000000000000E+00  0.000000000000E+00  0.000000000000E+00  0.000000000000E+00
   208  0.000000000000E+00  0.000000000000E+00  0.000000000000E+00 -9.958881419553E+03  0.000000000000E+00  0.000000000000E+00  0.000000000000E+00  0.000000000000E+00
   209  0.000000000000E+00  0.000000000000E+00  0.000000000000E+00 -9.958881415937E+03  0.000000000000E+00  0.000000000000E+00  0.000000000000E+00  0.000000000000E+00
   210  0.000000000000E+00  0.000000000000E+00  0.000000000000E+00 -9.958881414032E+03  0.000000000000E+00  0.000000000000E+00  0.000000000000E+00  0.000000000000E+00
   211  0.000000000000E+00  0.000000000000E+00  0.000000000000E+00 -9.958881406716E+03  0.000000000000E+00  0.000000000000E+00  0.000000000000E+00  0.000000000000E+00
   212  0.000000000000E+00  0.000000000000E+00  0.000000000000E+00 -9.958881399838E+03  0.000000000000E+00  0.000000000000E+00  0.000000000000E+00  0.000000000000E+00
   213  0.000000000000E+00  0.000000000000E+00  0.000000000000E+00 -9.958881398023E+03  0.000000000000E+00  0.000000000000E+00  0.000000000000E+00  0.000000000000E+00
   214  0.000000000000E+00  0.000000000000E+00  0.000000000000E+00 -9.958881393310E+03  0.000000000000E+00  0.000000000000E+00  0.000000000000E+00  0.000000000000E+00
   215  0.000000000000E+00  0.000000000000E+00  0.000000000000E+00 -9.958881382731E+03  0.000000000000E+00  0.000000000000E+00  0.000000000000E+00  0.000000000000E+00
   216  0.000000000000E+00  0.000000000000E+00  0.000000000000E+00 -9.958881383693E+03  0.000000000000E+00  0.000000000000E+00  0.000000000000E+00  0.000000000000E+00
   217  0.000000000000E+00  0.000000000000E+00  0.000000000000E+00 -9.958881382357E+03  0.000000000000E+00  0.000000000000E+00  0.000000000000E+00  0.000000000000E+00
   218  0.000000000000E+00  0.000000000000E+00  0.000000000000E+00 -9.958881386606E+03  0.000000000000E+00  0.000000000000E+00  0.000000000000E+00  0.000000000000E+00
   219  0.000000000000E+00  0.000000000000E+00  0.000000000000E+00 -9.958881390937E+03  0.000000000000E+00  0.000000000000E+00  0.000000000000E+00  0.000000000000E+00
   220  0.000000000000E+00  0.000000000000E+00  0.000000000000E+00 -9.958881391665E+03  0.000000000000E+00  0.000000000000E+00  0.000000000000E+00  0.000000000000E+00
   221  0.000000000000E+00  0.000000000000E+00  0.000000000000E+00 -9.958881393872E+03  0.000000000000E+00  0.000000000000E+00  0.000000000000E+00  0.000000000000E+00
   222  0.000000000000E+00  0.000000000000E+00  0.000000000000E+00 -9.958881399801E+03  0.000000000000E+00  0.000000000000E+00  0.000000000000E+00  0.000000000000E+00
   223  0.000000000000E+00  0.000000000000E+00  0.000000000000E+00 -9.958881405700E+03  0.000000000000E+00  0.000000000000E+00  0.000000000000E+00  0.000000000000E+00
   224  0.000000000000E+00  0.000000000000E+00  0.000000000000E+00 -9.958881404936E+03  0.000000000000E+00  0.000000000000E+00  0.000000000000E+00  0.000000000000E+00
   225  0.000000000000E+00  0.000000000000E+00  0.000000000000E+00 -9.958881408598E+03  0.000000000000E+00  0.000000000000E+00  0.000000000000E+00  0.000000000000E+00
   226  0.000000000000E+00  0.000000000000E+00  0.000000000000E+00 -9.958881406067E+03  0.000000000000E+00  0.000000000000E+00  0.000000000000E+00  0.000000000000E+00
   227  0.000000000000E+00  0.000000000000E+00  0.000000000000E+00 -9.958881406600E+03  0.000000000000E+00  0.000000000000E+00  0.000000000000E+00  0.000000000000E+00
   228  0.000000000000E+00  0.000000000000E+00  0.000000000000E+00 -9.958881406065E+03  0.000000000000E+00  0.000000000000E+00  0.000000000000E+00  0.000000000000E+00
   229  0.000000000000E+00  0.000000000000E+00  0.000000000000E+00 -9.958881405253E+03  0.000000000000E+00  0.000000000000E+00  0.000000000000E+00  0.000000000000E+00
   230  0.000000000000E+00  0.000000000000E+00  0.000000000000E+00 -9.958881401680E+03  0.000000000000E+00  0.000000000000E+00  0.000000000000E+00  0.000000000000E+00
   231  0.000000000000E+00  0.000000000000E+00  0.000000000000E+00 -9.958881399196E+03  0.000000000000E+00  0.000000000000E+00  0.000000000000E+00  0.000000000000E+00
   232  0.000000000000E+00  0.000000000000E+00  0.000000000000E+00 -9.958881394336E+03  0.000000000000E+00  0.000000000000E+00  0.000000000000E+00  0.000000000000E+00
   233  0.000000000000E+00  0.000000000000E+00  0.000000000000E+00 -9.958881394388E+03  0.000000000000E+00  0.000000000000E+00  0.000000000000E+00  0.000000000000E+00
   234  0.000000000000E+00  0.000000000000E+00  0.000000000000E+00 -9.958881393476E+03  0.000000000000E+00  0.000000000000E+00  0.000000000000E+00  0.000000000000E+00
   235  0.000000000000E+00  0.000000000000E+00  0.000000000000E+00 -9.958881394396E+03  0.000000000000E+00  0.000000000000E+00  0.000000000000E+00  0.000000000000E+00
   236  0.000000000000E+00  0.000000000000E+00  0.000000000000E+00 -9.958881395366E+03  0.000000000000E+00  0.000000000000E+00  0.000000000000E+00  0.000000000000E+00
   237  0.000000000000E+00  0.000000000000E+00  0.000000000000E+00 -9.958881397390E+03  0.000000000000E+00  0.000000000000E+00  0.000000000000E+00  0.000000000000E+00
   238  0.000000000000E+00  0.000000000000E+00  0.000000000000E+00 -9.958881396749E+03  0.000000000000E+00  0.000000000000E+00  0.000000000000E+00  0.000000000000E+00
   239  0.000000000000E+00  0.000000000000E+00  0.000000000000E+00 -9.958881398434E+03  0.000000000000E+00  0.000000000000E+00  0.000000000000E+00  0.000000000000E+00
   240  0.000000000000E+00  0.000000000000E+00  0.000000000000E+00 -9.958881400317E+03  0.000000000000E+00  0.000000000000E+00  0.000000000000E+00  0.000000000000E+00
   241  0.000000000000E+00  0.000000000000E+00  0.000000000000E+00 -9.958881402937E+03  0.000000000000E+00  0.000000000000E+00  0.000000000000E+00  0.000000000000E+00
   242  0.000000000000E+00  0.000000000000E+00  0.000000000000E+00 -9.958881404315E+03  0.000000000000E+00  0.000000000000E+00  0.000000000000E+00  0.000000000000E+00
   243  0.000000000000E+00  0.000000000000E+00  0.000000000000E+00 -9.958881405014E+03  0.000000000000E+00  0.000000000000E+00  0.000000000000E+00  0.000000000000E+00
   244  0.000000000000E+00  0.000000000000E+00  0.000000000000E+00 -9.958881405102E+03  0.000000000000E+00  0.000000000000E+00  0.000000000000E+00  0.000000000000E+00
   245  0.000000000000E+00  0.000000000000E+00  0.000000000000E+00 -9.958881404102E+03  0.000000000000E+00  0.000000000000E+00  0.000000000000E+00  0.000000000000E+00
   246  0.000000000000E+00  0.000000000000E+00  0.000000000000E+00 -9.958881402132E+03  0.000000000000E+00  0.000000000000E+00  0.000000000000E+00  0.000000000000E+00
   247  0.000000000000E+00  0.000000000000E+00  0.000000000000E+00 -9.958881402986E+03  0.000000000000E+00  0.000000000000E+00  0.000000000000E+00  0.000000000000E+00
   248  0.000000000000E+00  0.000000000000E+00  0.000000000000E+00 -9.958881402031E+03  0.000000000000E+00  0.000000000000E+00  0.000000000000E+00  0.000000000000E+00
   249  0.000000000000E+00  0.000000000000E+00  0.000000000000E+00 -9.958881400678E+03  0.000000000000E+00  0.000000000000E+00  0.000000000000E+00  0.000000000000E+00
   250  0.000000000000E+00  0.000000000000E+00  0.000000000000E+00 -9.958881399340E+03  0.000000000000E+00  0.000000000000E+00  0.000000000000E+00  0.000000000000E+00
   251  0.000000000000E+00  0.000000000000E+00  0.000000000000E+00 -9.958881397932E+03  0.000000000000E+00  0.000000000000E+00  0.000000000000E+00  0.000000000000E+00
   252  0.000000000000E+00  0.000000000000E+00  0.000000000000E+00 -9.958881398512E+03  0.000000000000E+00  0.000000000000E+00  0.000000000000E+00  0.000000000000E+00
   253  0.000000000000E+00  0.000000000000E+00  0.000000000000E+00 -9.958881399595E+03  0.000000000000E+00  0.000000000000E+00  0.000000000000E+00  0.000000000000E+00
   254  0.000000000000E+00  0.000000000000E+00  0.000000000000E+00 -9.958881399908E+03  0.000000000000E+00  0.000000000000E+00  0.000000000000E+00  0.000000000000E+00
   255  0.000000000000E+00  0.000000000000E+00  0.000000000000E+00 -9.958881400816E+03  0.000000000000E+00  0.000000000000E+00  0.000000000000E+00  0.000000000000E+00
   256  0.000000000000E+00  0.000000000000E+00  0.000000000000E+00 -9.958881399661E+03  0.000000000000E+00  0.000000000000E+00  0.000000000000E+00  0.000000000000E+00
   257  0.000000000000E+00  0.000000000000E+00  0.000000000000E+00 -9.958881401813E+03  0.000000000000E+00  0.000000000000E+00  0.000000000000E+00  0.000000000000E+00
   258  0.000000000000E+00  0.000000000000E+00  0.000000000000E+00 -9.958881400536E+03  0.000000000000E+00  0.000000000000E+00  0.000000000000E+00  0.000000000000E+00
   259  0.000000000000E+00  0.000000000000E+00  0.000000000000E+00 -9.958881402708E+03  0.000000000000E+00  0.000000000000E+00  0.000000000000E+00  0.000000000000E+00
   260  0.000000000000E+00  0.000000000000E+00  0.000000000000E+00 -9.958881403447E+03  0.000000000000E+00  0.000000000000E+00  0.000000000000E+00  0.000000000000E+00
   261  0.000000000000E+00  0.000000000000E+00  0.000000000000E+00 -9.958881403267E+03  0.000000000000E+00  0.000000000000E+00  0.000000000000E+00  0.000000000000E+00
   262  0.000000000000E+00  0.000000000000E+00  0.000000000000E+00 -9.958881402679E+03  0.000000000000E+00  0.000000000000E+00  0.000000000000E+00  0.000000000000E+00
   263  0.000000000000E+00  0.000000000000E+00  0.000000000000E+00 -9.958881402523E+03  0.000000000000E+00  0.000000000000E+00  0.000000000000E+00  0.000000000000E+00
   264  0.000000000000E+00  0.000000000000E+00  0.000000000000E+00 -9.958881401898E+03  0.000000000000E+00  0.000000000000E+00  0.000000000000E+00  0.000000000000E+00
   265  0.000000000000E+00  0.000000000000E+00  0.000000000000E+00 -9.958881401464E+03  0.000000000000E+00  0.000000000000E+00  0.000000000000E+00  0.000000000000E+00
   266  0.000000000000E+00  0.000000000000E+00  0.000000000000E+00 -9.958881400961E+03  0.000000000000E+00  0.000000000000E+00  0.000000000000E+00  0.000000000000E+00
   267  0.000000000000E+00  0.000000000000E+00  0.000000000000E+00 -9.958881400821E+03  0.000000000000E+00  0.000000000000E+00  0.000000000000E+00  0.000000000000E+00
   268  0.000000000000E+00  0.000000000000E+00  0.000000000000E+00 -9.958881399912E+03  0.000000000000E+00  0.000000000000E+00  0.000000000000E+00  0.000000000000E+00
   269  0.000000000000E+00  0.000000000000E+00  0.000000000000E+00 -9.958881399667E+03  0.000000000000E+00  0.000000000000E+00  0.000000000000E+00  0.000000000000E+00
   270  0.000000000000E+00  0.000000000000E+00  0.000000000000E+00 -9.958881399569E+03  0.000000000000E+00  0.000000000000E+00  0.000000000000E+00  0.000000000000E+00
   271  0.000000000000E+00  0.000000000000E+00  0.000000000000E+00 -9.958881400279E+03  0.000000000000E+00  0.000000000000E+00  0.000000000000E+00  0.000000000000E+00
   272  0.000000000000E+00  0.000000000000E+00  0.000000000000E+00 -9.958881400071E+03  0.000000000000E+00  0.000000000000E+00  0.000000000000E+00  0.000000000000E+00
   273  0.000000000000E+00  0.000000000000E+00  0.000000000000E+00 -9.958881401035E+03  0.000000000000E+00  0.000000000000E+00  0.000000000000E+00  0.000000000000E+00
   274  0.000000000000E+00  0.000000000000E+00  0.000000000000E+00 -9.958881400792E+03  0.000000000000E+00  0.000000000000E+00  0.000000000000E+00  0.000000000000E+00
   275  0.000000000000E+00  0.000000000000E+00  0.000000000000E+00 -9.958881401174E+03  0.000000000000E+00  0.000000000000E+00  0.000000000000E+00  0.000000000000E+00
   276  0.000000000000E+00  0.000000000000E+00  0.000000000000E+00 -9.958881401431E+03  0.000000000000E+00  0.000000000000E+00  0.000000000000E+00  0.000000000000E+00
   277  0.000000000000E+00  0.000000000000E+00  0.000000000000E+00 -9.958881402097E+03  0.000000000000E+00  0.000000000000E+00  0.000000000000E+00  0.000000000000E+00
   278  0.000000000000E+00  0.000000000000E+00  0.000000000000E+00 -9.958881401891E+03  0.000000000000E+00  0.000000000000E+00  0.000000000000E+00  0.000000000000E+00
   279  0.000000000000E+00  0.000000000000E+00  0.000000000000E+00 -9.958881401816E+03  0.000000000000E+00  0.000000000000E+00  0.000000000000E+00  0.000000000000E+00
   280  0.000000000000E+00  0.000000000000E+00  0.000000000000E+00 -9.958881401297E+03  0.000000000000E+00  0.000000000000E+00  0.000000000000E+00  0.000000000000E+00
   281  0.000000000000E+00  0.000000000000E+00  0.000000000000E+00 -9.958881401559E+03  0.000000000000E+00  0.000000000000E+00  0.000000000000E+00  0.000000000000E+00
   282  0.000000000000E+00  0.000000000000E+00  0.000000000000E+00 -9.958881401072E+03  0.000000000000E+00  0.000000000000E+00  0.000000000000E+00  0.000000000000E+00
   283  0.000000000000E+00  0.000000000000E+00  0.000000000000E+00 -9.958881401177E+03  0.000000000000E+00  0.000000000000E+00  0.000000000000E+00  0.000000000000E+00
   284  0.000000000000E+00  0.000000000000E+00  0.000000000000E+00 -9.958881400844E+03  0.000000000000E+00  0.000000000000E+00  0.000000000000E+00  0.000000000000E+00
   285  0.000000000000E+00  0.000000000000E+00  0.000000000000E+00 -9.958881400786E+03  0.000000000000E+00  0.000000000000E+00  0.000000000000E+00  0.000000000000E+00
   286  0.000000000000E+00  0.000000000000E+00  0.000000000000E+00 -9.958881400119E+03  0.000000000000E+00  0.000000000000E+00  0.000000000000E+00  0.000000000000E+00
   287  0.000000000000E+00  0.000000000000E+00  0.000000000000E+00 -9.958881400257E+03  0.000000000000E+00  0.000000000000E+00  0.000000000000E+00  0.000000000000E+00
   288  0.000000000000E+00  0.000000000000E+00  0.000000000000E+00 -9.958881400308E+03  0.000000000000E+00  0.000000000000E+00  0.000000000000E+00  0.000000000000E+00
   289  0.000000000000E+00  0.000000000000E+00  0.000000000000E+00 -9.958881399922E+03  0.000000000000E+00  0.000000000000E+00  0.000000000000E+00  0.000000000000E+00
   290  0.000000000000E+00  0.000000000000E+00  0.000000000000E+00 -9.958881400571E+03  0.000000000000E+00  0.000000000000E+00  0.000000000000E+00  0.000000000000E+00
   291  0.000000000000E+00  0.000000000000E+00  0.000000000000E+00 -9.958881400493E+03  0.000000000000E+00  0.000000000000E+00  0.000000000000E+00  0.000000000000E+00
   292  0.000000000000E+00  0.000000000000E+00  0.000000000000E+00 -9.958881400298E+03  0.000000000000E+00  0.000000000000E+00  0.000000000000E+00  0.000000000000E+00
   293  0.000000000000E+00  0.000000000000E+00  0.000000000000E+00 -9.958881400676E+03  0.000000000000E+00  0.000000000000E+00  0.000000000000E+00  0.000000000000E+00
   294  0.000000000000E+00  0.000000000000E+00  0.000000000000E+00 -9.958881400719E+03  0.000000000000E+00  0.000000000000E+00  0.000000000000E+00  0.000000000000E+00
   295  0.000000000000E+00  0.000000000000E+00  0.000000000000E+00 -9.958881401055E+03  0.000000000000E+00  0.000000000000E+00  0.000000000000E+00  0.000000000000E+00
   296  0.000000000000E+00  0.000000000000E+00  0.000000000000E+00 -9.958881401214E+03  0.000000000000E+00  0.000000000000E+00  0.000000000000E+00  0.000000000000E+00
   297  0.000000000000E+00  0.000000000000E+00  0.000000000000E+00 -9.958881401171E+03  0.000000000000E+00  0.000000000000E+00  0.000000000000E+00  0.000000000000E+00
   298  0.000000000000E+00  0.000000000000E+00  0.000000000000E+00 -9.958881401202E+03  0.000000000000E+00  0.000000000000E+00  0.000000000000E+00  0.000000000000E+00
   299  0.000000000000E+00  0.000000000000E+00  0.000000000000E+00 -9.958881401271E+03  0.000000000000E+00  0.000000000000E+00  0.000000000000E+00  0.000000000000E+00
   300  0.000000000000E+00  0.000000000000E+00  0.000000000000E+00 -9.958881401266E+03  0.000000000000E+00  0.000000000000E+00  0.000000000000E+00  0.000000000000E+00
   301  0.000000000000E+00  0.000000000000E+00  0.000000000000E+00 -9.958881400748E+03  0.000000000000E+00  0.000000000000E+00  0.000000000000E+00  0.000000000000E+00
   302  0.000000000000E+00  0.000000000000E+00  0.000000000000E+00 -9.958881400452E+03  0.000000000000E+00  0.000000000000E+00  0.000000000000E+00  0.000000000000E+00
   303  0.000000000000E+00  0.000000000000E+00  0.000000000000E+00 -9.958881400836E+03  0.000000000000E+00  0.000000000000E+00  0.000000000000E+00  0.000000000000E+00
   304  0.000000000000E+00  0.000000000000E+00  0.000000000000E+00 -9.958881400520E+03  0.000000000000E+00  0.000000000000E+00  0.000000000000E+00  0.000000000000E+00
   305  0.000000000000E+00  0.000000000000E+00  0.000000000000E+00 -9.958881400358E+03  0.000000000000E+00  0.000000000000E+00  0.000000000000E+00  0.000000000000E+00
   306  0.000000000000E+00  0.000000000000E+00  0.000000000000E+00 -9.958881400349E+03  0.000000000000E+00  0.000000000000E+00  0.000000000000E+00  0.000000000000E+00
   307  0.000000000000E+00  0.000000000000E+00  0.000000000000E+00 -9.958881400860E+03  0.000000000000E+00  0.000000000000E+00  0.000000000000E+00  0.000000000000E+00
   308  0.000000000000E+00  0.000000000000E+00  0.000000000000E+00 -9.958881401211E+03  0.000000000000E+00  0.000000000000E+00  0.000000000000E+00  0.000000000000E+00
   309  0.000000000000E+00  0.000000000000E+00  0.000000000000E+00 -9.958881401186E+03  0.000000000000E+00  0.000000000000E+00  0.000000000000E+00  0.000000000000E+00
   310  0.000000000000E+00  0.000000000000E+00  0.000000000000E+00 -9.958881401558E+03  0.000000000000E+00  0.000000000000E+00  0.000000000000E+00  0.000000000000E+00
   311  0.000000000000E+00  0.000000000000E+00  0.000000000000E+00 -9.958881401610E+03  0.000000000000E+00  0.000000000000E+00  0.000000000000E+00  0.000000000000E+00
   312  0.000000000000E+00  0.000000000000E+00  0.000000000000E+00 -9.958881401809E+03  0.000000000000E+00  0.000000000000E+00  0.000000000000E+00  0.000000000000E+00
   313  0.000000000000E+00  0.000000000000E+00  0.000000000000E+00 -9.958881401825E+03  0.000000000000E+00  0.000000000000E+00  0.000000000000E+00  0.000000000000E+00
   314  0.000000000000E+00  0.000000000000E+00  0.000000000000E+00 -9.958881402097E+03  0.000000000000E+00  0.000000000000E+00  0.000000000000E+00  0.000000000000E+00
   315  0.000000000000E+00  0.000000000000E+00  0.000000000000E+00 -9.958881402114E+03  0.000000000000E+00  0.000000000000E+00  0.000000000000E+00  0.000000000000E+00
   316  0.000000000000E+00  0.000000000000E+00  0.000000000000E+00 -9.958881401528E+03  0.000000000000E+00  0.000000000000E+00  0.000000000000E+00  0.000000000000E+00
   317  0.000000000000E+00  0.000000000000E+00  0.000000000000E+00 -9.958881401650E+03  0.000000000000E+00  0.000000000000E+00  0.000000000000E+00  0.000000000000E+00
   318  0.000000000000E+00  0.000000000000E+00  0.000000000000E+00 -9.958881401520E+03  0.000000000000E+00  0.000000000000E+00  0.000000000000E+00  0.000000000000E+00
   319  0.000000000000E+00  0.000000000000E+00  0.000000000000E+00 -9.958881401674E+03  0.000000000000E+00  0.000000000000E+00  0.000000000000E+00  0.000000000000E+00
   320  0.000000000000E+00  0.000000000000E+00  0.000000000000E+00 -9.958881400985E+03  0.000000000000E+00  0.000000000000E+00  0.000000000000E+00  0.000000000000E+00
   321  0.000000000000E+00  0.000000000000E+00  0.000000000000E+00 -9.958881401582E+03  0.000000000000E+00  0.000000000000E+00  0.000000000000E+00  0.000000000000E+00
   322  0.000000000000E+00  0.000000000000E+00  0.000000000000E+00 -9.958881401163E+03  0.000000000000E+00  0.000000000000E+00  0.000000000000E+00  0.000000000000E+00
   323  0.000000000000E+00  0.000000000000E+00  0.000000000000E+00 -9.958881401275E+03  0.000000000000E+00  0.000000000000E+00  0.000000000000E+00  0.000000000000E+00
   324  0.000000000000E+00  0.000000000000E+00  0.000000000000E+00 -9.958881401195E+03  0.000000000000E+00  0.000000000000E+00  0.000000000000E+00  0.000000000000E+00
   325  0.000000000000E+00  0.000000000000E+00  0.000000000000E+00 -9.958881401088E+03  0.000000000000E+00  0.000000000000E+00  0.000000000000E+00  0.000000000000E+00
   326  0.000000000000E+00  0.000000000000E+00  0.000000000000E+00 -9.958881401476E+03  0.000000000000E+00  0.000000000000E+00  0.000000000000E+00  0.000000000000E+00
   327  0.000000000000E+00  0.000000000000E+00  0.000000000000E+00 -9.958881401454E+03  0.000000000000E+00  0.000000000000E+00  0.000000000000E+00  0.000000000000E+00
   328  0.000000000000E+00  0.000000000000E+00  0.000000000000E+00 -9.958881401190E+03  0.000000000000E+00  0.000000000000E+00  0.000000000000E+00  0.000000000000E+00
   329  0.000000000000E+00  0.000000000000E+00  0.000000000000E+00 -9.958881401955E+03  0.000000000000E+00  0.000000000000E+00  0.000000000000E+00  0.000000000000E+00
   330  0.000000000000E+00  0.000000000000E+00  0.000000000000E+00 -9.958881401366E+03  0.000000000000E+00  0.000000000000E+00  0.000000000000E+00  0.000000000000E+00
   331  0.000000000000E+00  0.000000000000E+00  0.000000000000E+00 -9.958881401125E+03  0.000000000000E+00  0.000000000000E+00  0.000000000000E+00  0.000000000000E+00
   332  0.000000000000E+00  0.000000000000E+00  0.000000000000E+00 -9.958881401367E+03  0.000000000000E+00  0.000000000000E+00  0.000000000000E+00  0.000000000000E+00
   333  0.000000000000E+00  0.000000000000E+00  0.000000000000E+00 -9.958881401825E+03  0.000000000000E+00  0.000000000000E+00  0.000000000000E+00  0.000000000000E+00
   334  0.000000000000E+00  0.000000000000E+00  0.000000000000E+00 -9.958881400654E+03  0.000000000000E+00  0.000000000000E+00  0.000000000000E+00  0.000000000000E+00
   335  0.000000000000E+00  0.000000000000E+00  0.000000000000E+00 -9.958881401514E+03  0.000000000000E+00  0.000000000000E+00  0.000000000000E+00  0.000000000000E+00
   336  0.000000000000E+00  0.000000000000E+00  0.000000000000E+00 -9.958881400710E+03  0.000000000000E+00  0.000000000000E+00  0.000000000000E+00  0.000000000000E+00
   337  0.000000000000E+00  0.000000000000E+00  0.000000000000E+00 -9.958881401595E+03  0.000000000000E+00  0.000000000000E+00  0.000000000000E+00  0.000000000000E+00
   338  0.000000000000E+00  0.000000000000E+00  0.000000000000E+00 -9.958881400928E+03  0.000000000000E+00  0.000000000000E+00  0.000000000000E+00  0.000000000000E+00
   339  0.000000000000E+00  0.000000000000E+00  0.000000000000E+00 -9.958881401005E+03  0.000000000000E+00  0.000000000000E+00  0.000000000000E+00  0.000000000000E+00
   340  0.000000000000E+00  0.000000000000E+00  0.000000000000E+00 -9.958881401510E+03  0.000000000000E+00  0.000000000000E+00  0.000000000000E+00  0.000000000000E+00
   341  0.000000000000E+00  0.000000000000E+00  0.000000000000E+00 -9.958881400856E+03  0.000000000000E+00  0.000000000000E+00  0.000000000000E+00  0.000000000000E+00
   342  0.000000000000E+00  0.000000000000E+00  0.000000000000E+00 -9.958881401347E+03  0.000000000000E+00  0.000000000000E+00  0.000000000000E+00  0.000000000000E+00
   343  0.000000000000E+00  0.000000000000E+00  0.000000000000E+00 -9.958881400772E+03  0.000000000000E+00  0.000000000000E+00  0.000000000000E+00  0.000000000000E+00
   344  0.000000000000E+00  0.000000000000E+00  0.000000000000E+00 -9.958881400938E+03  0.000000000000E+00  0.000000000000E+00  0.000000000000E+00  0.000000000000E+00
   345  0.000000000000E+00  0.000000000000E+00  0.000000000000E+00 -9.958881401165E+03  0.000000000000E+00  0.000000000000E+00  0.000000000000E+00  0.000000000000E+00
   346  0.000000000000E+00  0.000000000000E+00  0.000000000000E+00 -9.958881400716E+03  0.000000000000E+00  0.000000000000E+00  0.000000000000E+00  0.000000000000E+00
   347  0.000000000000E+00  0.000000000000E+00  0.000000000000E+00 -9.958881401125E+03  0.000000000000E+00  0.000000000000E+00  0.000000000000E+00  0.000000000000E+00
   348  0.000000000000E+00  0.000000000000E+00  0.000000000000E+00 -9.958881400764E+03  0.000000000000E+00  0.000000000000E+00  0.000000000000E+00  0.000000000000E+00
   349  0.000000000000E+00  0.000000000000E+00  0.000000000000E+00 -9.958881401474E+03  0.000000000000E+00  0.000000000000E+00  0.000000000000E+00  0.000000000000E+00
   350  0.000000000000E+00  0.000000000000E+00  0.000000000000E+00 -9.958881400793E+03  0.000000000000E+00  0.000000000000E+00  0.000000000000E+00  0.000000000000E+00
   351  0.000000000000E+00  0.000000000000E+00  0.000000000000E+00 -9.958881401143E+03  0.000000000000E+00  0.000000000000E+00  0.000000000000E+00  0.000000000000E+00
   352  0.000000000000E+00  0.000000000000E+00  0.000000000000E+00 -9.958881400925E+03  0.000000000000E+00  0.000000000000E+00  0.000000000000E+00  0.000000000000E+00
   353  0.000000000000E+00  0.000000000000E+00  0.000000000000E+00 -9.958881401455E+03  0.000000000000E+00  0.000000000000E+00  0.000000000000E+00  0.000000000000E+00
   354  0.000000000000E+00  0.000000000000E+00  0.000000000000E+00 -9.958881400815E+03  0.000000000000E+00  0.000000000000E+00  0.000000000000E+00  0.000000000000E+00
   355  0.000000000000E+00  0.000000000000E+00  0.000000000000E+00 -9.958881401475E+03  0.000000000000E+00  0.000000000000E+00  0.000000000000E+00  0.000000000000E+00
   356  0.000000000000E+00  0.000000000000E+00  0.000000000000E+00 -9.958881401246E+03  0.000000000000E+00  0.000000000000E+00  0.000000000000E+00  0.000000000000E+00
   357  0.000000000000E+00  0.000000000000E+00  0.000000000000E+00 -9.958881401269E+03  0.000000000000E+00  0.000000000000E+00  0.000000000000E+00  0.000000000000E+00
   358  0.000000000000E+00  0.000000000000E+00  0.000000000000E+00 -9.958881400889E+03  0.000000000000E+00  0.000000000000E+00  0.000000000000E+00  0.000000000000E+00
   359  0.000000000000E+00  0.000000000000E+00  0.000000000000E+00 -9.958881401221E+03  0.000000000000E+00  0.000000000000E+00  0.000000000000E+00  0.000000000000E+00
   360  0.000000000000E+00  0.000000000000E+00  0.000000000000E+00 -9.958881401079E+03  0.000000000000E+00  0.000000000000E+00  0.000000000000E+00  0.000000000000E+00
   361  0.000000000000E+00  0.000000000000E+00  0.000000000000E+00 -9.958881401665E+03  0.000000000000E+00  0.000000000000E+00  0.000000000000E+00  0.000000000000E+00
   362  0.000000000000E+00  0.000000000000E+00  0.000000000000E+00 -9.958881400939E+03  0.000000000000E+00  0.000000000000E+00  0.000000000000E+00  0.000000000000E+00
   363  0.000000000000E+00  0.000000000000E+00  0.000000000000E+00 -9.958881401180E+03  0.000000000000E+00  0.000000000000E+00  0.000000000000E+00  0.000000000000E+00
   364  0.000000000000E+00  0.000000000000E+00  0.000000000000E+00 -9.958881400619E+03  0.000000000000E+00  0.000000000000E+00  0.000000000000E+00  0.000000000000E+00
   365  0.000000000000E+00  0.000000000000E+00  0.000000000000E+00 -9.958881401588E+03  0.000000000000E+00  0.000000000000E+00  0.000000000000E+00  0.000000000000E+00
   366  0.000000000000E+00  0.000000000000E+00  0.000000000000E+00 -9.958881401120E+03  0.000000000000E+00  0.000000000000E+00  0.000000000000E+00  0.000000000000E+00
   367  0.000000000000E+00  0.000000000000E+00  0.000000000000E+00 -9.958881401714E+03  0.000000000000E+00  0.000000000000E+00  0.000000000000E+00  0.000000000000E+00
   368  0.000000000000E+00  0.000000000000E+00  0.000000000000E+00 -9.958881400981E+03  0.000000000000E+00  0.000000000000E+00  0.000000000000E+00  0.000000000000E+00
   369  0.000000000000E+00  0.000000000000E+00  0.000000000000E+00 -9.958881401132E+03  0.000000000000E+00  0.000000000000E+00  0.000000000000E+00  0.000000000000E+00
   370  0.000000000000E+00  0.000000000000E+00  0.000000000000E+00 -9.958881400760E+03  0.000000000000E+00  0.000000000000E+00  0.000000000000E+00  0.000000000000E+00
   371  0.000000000000E+00  0.000000000000E+00  0.000000000000E+00 -9.958881400546E+03  0.000000000000E+00  0.000000000000E+00  0.000000000000E+00  0.000000000000E+00
   372  0.000000000000E+00  0.000000000000E+00  0.000000000000E+00 -9.958881400127E+03  0.000000000000E+00  0.000000000000E+00  0.000000000000E+00  0.000000000000E+00
   373  0.000000000000E+00  0.000000000000E+00  0.000000000000E+00 -9.958881401660E+03  0.000000000000E+00  0.000000000000E+00  0.000000000000E+00  0.000000000000E+00
   374  0.000000000000E+00  0.000000000000E+00  0.000000000000E+00 -9.958881400394E+03  0.000000000000E+00  0.000000000000E+00  0.000000000000E+00  0.000000000000E+00
   375  0.000000000000E+00  0.000000000000E+00  0.000000000000E+00 -9.958881401245E+03  0.000000000000E+00  0.000000000000E+00  0.000000000000E+00  0.000000000000E+00
   376  0.000000000000E+00  0.000000000000E+00  0.000000000000E+00 -9.958881401526E+03  0.000000000000E+00  0.000000000000E+00  0.000000000000E+00  0.000000000000E+00
   377  0.000000000000E+00  0.000000000000E+00  0.000000000000E+00 -9.958881399970E+03  0.000000000000E+00  0.000000000000E+00  0.000000000000E+00  0.000000000000E+00
   378  0.000000000000E+00  0.000000000000E+00  0.000000000000E+00 -9.958881400986E+03  0.000000000000E+00  0.000000000000E+00  0.000000000000E+00  0.000000000000E+00
   379  0.000000000000E+00  0.000000000000E+00  0.000000000000E+00 -9.958881400977E+03  0.000000000000E+00  0.000000000000E+00  0.000000000000E+00  0.000000000000E+00
   380  0.000000000000E+00  0.000000000000E+00  0.000000000000E+00 -9.958881400198E+03  0.000000000000E+00  0.000000000000E+00  0.000000000000E+00  0.000000000000E+00
   381  0.000000000000E+00  0.000000000000E+00  0.000000000000E+00 -9.958881401016E+03  0.000000000000E+00  0.000000000000E+00  0.000000000000E+00  0.000000000000E+00
   382  0.000000000000E+00  0.000000000000E+00  0.000000000000E+00 -9.958881400712E+03  0.000000000000E+00  0.000000000000E+00  0.000000000000E+00  0.000000000000E+00
   383  0.000000000000E+00  0.000000000000E+00  0.000000000000E+00 -9.958881400631E+03  0.000000000000E+00  0.000000000000E+00  0.000000000000E+00  0.000000000000E+00
   384  0.000000000000E+00  0.000000000000E+00  0.000000000000E+00 -9.958881400697E+03  0.000000000000E+00  0.000000000000E+00  0.000000000000E+00  0.000000000000E+00
   385  0.000000000000E+00  0.000000000000E+00  0.000000000000E+00 -9.958881401145E+03  0.000000000000E+00  0.000000000000E+00  0.000000000000E+00  0.000000000000E+00
   386  0.000000000000E+00  0.000000000000E+00  0.000000000000E+00 -9.958881400838E+03  0.000000000000E+00  0.000000000000E+00  0.000000000000E+00  0.000000000000E+00
   387  0.000000000000E+00  0.000000000000E+00  0.000000000000E+00 -9.958881401082E+03  0.000000000000E+00  0.000000000000E+00  0.000000000000E+00  0.000000000000E+00
   388  0.000000000000E+00  0.000000000000E+00  0.000000000000E+00 -9.958881400309E+03  0.000000000000E+00  0.000000000000E+00  0.000000000000E+00  0.000000000000E+00
   389  0.000000000000E+00  0.000000000000E+00  0.000000000000E+00 -9.958881401358E+03  0.000000000000E+00  0.000000000000E+00  0.000000000000E+00  0.000000000000E+00
   390  0.000000000000E+00  0.000000000000E+00  0.000000000000E+00 -9.958881400104E+03  0.000000000000E+00  0.000000000000E+00  0.000000000000E+00  0.000000000000E+00
   391  0.000000000000E+00  0.000000000000E+00  0.000000000000E+00 -9.958881400299E+03  0.000000000000E+00  0.000000000000E+00  0.000000000000E+00  0.000000000000E+00
   392  0.000000000000E+00  0.000000000000E+00  0.000000000000E+00 -9.958881399900E+03  0.000000000000E+00  0.000000000000E+00  0.000000000000E+00  0.000000000000E+00
   393  0.000000000000E+00  0.000000000000E+00  0.000000000000E+00 -9.958881400906E+03  0.000000000000E+00  0.000000000000E+00  0.000000000000E+00  0.000000000000E+00
   394  0.000000000000E+00  0.000000000000E+00  0.000000000000E+00 -9.958881400367E+03  0.000000000000E+00  0.000000000000E+00  0.000000000000E+00  0.000000000000E+00
   395  0.000000000000E+00  0.000000000000E+00  0.000000000000E+00 -9.958881400215E+03  0.000000000000E+00  0.000000000000E+00  0.000000000000E+00  0.000000000000E+00
   396  0.000000000000E+00  0.000000000000E+00  0.000000000000E+00 -9.958881400157E+03  0.000000000000E+00  0.000000000000E+00  0.000000000000E+00  0.000000000000E+00
   397  0.000000000000E+00  0.000000000000E+00  0.000000000000E+00 -9.958881400637E+03  0.000000000000E+00  0.000000000000E+00  0.000000000000E+00  0.000000000000E+00
   398  0.000000000000E+00  0.000000000000E+00  0.000000000000E+00 -9.958881400476E+03  0.000000000000E+00  0.000000000000E+00  0.000000000000E+00  0.000000000000E+00
   399  0.000000000000E+00  0.000000000000E+00  0.000000000000E+00 -9.958881400722E+03  0.000000000000E+00  0.000000000000E+00  0.000000000000E+00  0.000000000000E+00
   400  0.000000000000E+00  0.000000000000E+00  0.000000000000E+00 -9.958881400035E+03  0.000000000000E+00  0.000000000000E+00  0.000000000000E+00  0.000000000000E+00
   401  0.000000000000E+00  0.000000000000E+00  0.000000000000E+00 -9.958881401079E+03  0.000000000000E+00  0.000000000000E+00  0.000000000000E+00  0.000000000000E+00
   402  0.000000000000E+00  0.000000000000E+00  0.000000000000E+00 -9.958881400220E+03  0.000000000000E+00  0.000000000000E+00  0.000000000000E+00  0.000000000000E+00
   403  0.000000000000E+00  0.000000000000E+00  0.000000000000E+00 -9.958881400773E+03  0.000000000000E+00  0.000000000000E+00  0.000000000000E+00  0.000000000000E+00
   404  0.000000000000E+00  0.000000000000E+00  0.000000000000E+00 -9.958881400082E+03  0.000000000000E+00  0.000000000000E+00  0.000000000000E+00  0.000000000000E+00
   405  0.000000000000E+00  0.000000000000E+00  0.000000000000E+00 -9.958881400692E+03  0.000000000000E+00  0.000000000000E+00  0.000000000000E+00  0.000000000000E+00
   406  0.000000000000E+00  0.000000000000E+00  0.000000000000E+00 -9.958881400415E+03  0.000000000000E+00  0.000000000000E+00  0.000000000000E+00  0.000000000000E+00
   407  0.000000000000E+00  0.000000000000E+00  0.000000000000E+00 -9.958881400589E+03  0.000000000000E+00  0.000000000000E+00  0.000000000000E+00  0.000000000000E+00
   408  0.000000000000E+00  0.000000000000E+00  0.000000000000E+00 -9.958881400231E+03  0.000000000000E+00  0.000000000000E+00  0.000000000000E+00  0.000000000000E+00
   409  0.000000000000E+00  0.000000000000E+00  0.000000000000E+00 -9.958881401314E+03  0.000000000000E+00  0.000000000000E+00  0.000000000000E+00  0.000000000000E+00
   410  0.000000000000E+00  0.000000000000E+00  0.000000000000E+00 -9.958881400166E+03  0.000000000000E+00  0.000000000000E+00  0.000000000000E+00  0.000000000000E+00
   411  0.000000000000E+00  0.000000000000E+00  0.000000000000E+00 -9.958881400753E+03  0.000000000000E+00  0.000000000000E+00  0.000000000000E+00  0.000000000000E+00
   412  0.000000000000E+00  0.000000000000E+00  0.000000000000E+00 -9.958881400172E+03  0.000000000000E+00  0.000000000000E+00  0.000000000000E+00  0.000000000000E+00
   413  0.000000000000E+00  0.000000000000E+00  0.000000000000E+00 -9.958881400899E+03  0.000000000000E+00  0.000000000000E+00  0.000000000000E+00  0.000000000000E+00
   414  0.000000000000E+00  0.000000000000E+00  0.000000000000E+00 -9.958881400592E+03  0.000000000000E+00  0.000000000000E+00  0.000000000000E+00  0.000000000000E+00
   415  0.000000000000E+00  0.000000000000E+00  0.000000000000E+00 -9.958881400750E+03  0.000000000000E+00  0.000000000000E+00  0.000000000000E+00  0.000000000000E+00
   416  0.000000000000E+00  0.000000000000E+00  0.000000000000E+00 -9.958881400935E+03  0.000000000000E+00  0.000000000000E+00  0.000000000000E+00  0.000000000000E+00
   417  0.000000000000E+00  0.000000000000E+00  0.000000000000E+00 -9.958881401102E+03  0.000000000000E+00  0.000000000000E+00  0.000000000000E+00  0.000000000000E+00
   418  0.000000000000E+00  0.000000000000E+00  0.000000000000E+00 -9.958881400067E+03  0.000000000000E+00  0.000000000000E+00  0.000000000000E+00  0.000000000000E+00
   419  0.000000000000E+00  0.000000000000E+00  0.000000000000E+00 -9.958881401385E+03  0.000000000000E+00  0.000000000000E+00  0.000000000000E+00  0.000000000000E+00
   420  0.000000000000E+00  0.000000000000E+00  0.000000000000E+00 -9.958881399639E+03  0.000000000000E+00  0.000000000000E+00  0.000000000000E+00  0.000000000000E+00
   421  0.000000000000E+00  0.000000000000E+00  0.000000000000E+00 -9.958881401761E+03  0.000000000000E+00  0.000000000000E+00  0.000000000000E+00  0.000000000000E+00
   422  0.000000000000E+00  0.000000000000E+00  0.000000000000E+00 -9.958881400436E+03  0.000000000000E+00  0.000000000000E+00  0.000000000000E+00  0.000000000000E+00
   423  0.000000000000E+00  0.000000000000E+00  0.000000000000E+00 -9.958881400176E+03  0.000000000000E+00  0.000000000000E+00  0.000000000000E+00  0.000000000000E+00
   424  0.000000000000E+00  0.000000000000E+00  0.000000000000E+00 -9.958881401156E+03  0.000000000000E+00  0.000000000000E+00  0.000000000000E+00  0.000000000000E+00
   425  0.000000000000E+00  0.000000000000E+00  0.000000000000E+00 -9.958881400726E+03  0.000000000000E+00  0.000000000000E+00  0.000000000000E+00  0.000000000000E+00
   426  0.000000000000E+00  0.000000000000E+00  0.000000000000E+00 -9.958881400617E+03  0.000000000000E+00  0.000000000000E+00  0.000000000000E+00  0.000000000000E+00
   427  0.000000000000E+00  0.000000000000E+00  0.000000000000E+00 -9.958881400493E+03  0.000000000000E+00  0.000000000000E+00  0.000000000000E+00  0.000000000000E+00
   428  0.000000000000E+00  0.000000000000E+00  0.000000000000E+00 -9.958881400094E+03  0.000000000000E+00  0.000000000000E+00  0.000000000000E+00  0.000000000000E+00
   429  0.000000000000E+00  0.000000000000E+00  0.000000000000E+00 -9.958881401254E+03  0.000000000000E+00  0.000000000000E+00  0.000000000000E+00  0.000000000000E+00
   430  0.000000000000E+00  0.000000000000E+00  0.000000000000E+00 -9.958881400284E+03  0.000000000000E+00  0.000000000000E+00  0.000000000000E+00  0.000000000000E+00
   431  0.000000000000E+00  0.000000000000E+00  0.000000000000E+00 -9.958881400815E+03  0.000000000000E+00  0.000000000000E+00  0.000000000000E+00  0.000000000000E+00
   432  0.000000000000E+00  0.000000000000E+00  0.000000000000E+00 -9.958881401052E+03  0.000000000000E+00  0.000000000000E+00  0.000000000000E+00  0.000000000000E+00
   433  0.000000000000E+00  0.000000000000E+00  0.000000000000E+00 -9.958881400443E+03  0.000000000000E+00  0.000000000000E+00  0.000000000000E+00  0.000000000000E+00
   434  0.000000000000E+00  0.000000000000E+00  0.000000000000E+00 -9.958881400272E+03  0.000000000000E+00  0.000000000000E+00  0.000000000000E+00  0.000000000000E+00
   435  0.000000000000E+00  0.000000000000E+00  0.000000000000E+00 -9.958881401059E+03  0.000000000000E+00  0.000000000000E+00  0.000000000000E+00  0.000000000000E+00
   436  0.000000000000E+00  0.000000000000E+00  0.000000000000E+00 -9.958881399776E+03  0.000000000000E+00  0.000000000000E+00  0.000000000000E+00  0.000000000000E+00
   437  0.000000000000E+00  0.000000000000E+00  0.000000000000E+00 -9.958881401101E+03  0.000000000000E+00  0.000000000000E+00  0.000000000000E+00  0.000000000000E+00
   438  0.000000000000E+00  0.000000000000E+00  0.000000000000E+00 -9.958881399780E+03  0.000000000000E+00  0.000000000000E+00  0.000000000000E+00  0.000000000000E+00
   439  0.000000000000E+00  0.000000000000E+00  0.000000000000E+00 -9.958881400659E+03  0.000000000000E+00  0.000000000000E+00  0.000000000000E+00  0.000000000000E+00
   440  0.000000000000E+00  0.000000000000E+00  0.000000000000E+00 -9.958881400262E+03  0.000000000000E+00  0.000000000000E+00  0.000000000000E+00  0.000000000000E+00
   441  0.000000000000E+00  0.000000000000E+00  0.000000000000E+00 -9.958881400393E+03  0.000000000000E+00  0.000000000000E+00  0.000000000000E+00  0.000000000000E+00
   442  0.000000000000E+00  0.000000000000E+00  0.000000000000E+00 -9.958881400486E+03  0.000000000000E+00  0.000000000000E+00  0.000000000000E+00  0.000000000000E+00
   443  0.000000000000E+00  0.000000000000E+00  0.000000000000E+00 -9.958881400296E+03  0.000000000000E+00  0.000000000000E+00  0.000000000000E+00  0.000000000000E+00
   444  0.000000000000E+00  0.000000000000E+00  0.000000000000E+00 -9.958881401244E+03  0.000000000000E+00  0.000000000000E+00  0.000000000000E+00  0.000000000000E+00
   445  0.000000000000E+00  0.000000000000E+00  0.000000000000E+00 -9.958881400228E+03  0.000000000000E+00  0.000000000000E+00  0.000000000000E+00  0.000000000000E+00
   446  0.000000000000E+00  0.000000000000E+00  0.000000000000E+00 -9.958881400452E+03  0.000000000000E+00  0.000000000000E+00  0.000000000000E+00  0.000000000000E+00
   447  0.000000000000E+00  0.000000000000E+00  0.000000000000E+00 -9.958881401375E+03  0.000000000000E+00  0.000000000000E+00  0.000000000000E+00  0.000000000000E+00
   448  0.000000000000E+00  0.000000000000E+00  0.000000000000E+00 -9.958881400597E+03  0.000000000000E+00  0.000000000000E+00  0.000000000000E+00  0.000000000000E+00
   449  0.000000000000E+00  0.000000000000E+00  0.000000000000E+00 -9.958881401053E+03  0.000000000000E+00  0.000000000000E+00  0.000000000000E+00  0.000000000000E+00
   450  0.000000000000E+00  0.000000000000E+00  0.000000000000E+00 -9.958881400437E+03  0.000000000000E+00  0.000000000000E+00  0.000000000000E+00  0.000000000000E+00
   451  0.000000000000E+00  0.000000000000E+00  0.000000000000E+00 -9.958881401064E+03  0.000000000000E+00  0.000000000000E+00  0.000000000000E+00  0.000000000000E+00
   452  0.000000000000E+00  0.000000000000E+00  0.000000000000E+00 -9.958881400902E+03  0.000000000000E+00  0.000000000000E+00  0.000000000000E+00  0.000000000000E+00
   453  0.000000000000E+00  0.000000000000E+00  0.000000000000E+00 -9.958881401447E+03  0.000000000000E+00  0.000000000000E+00  0.000000000000E+00  0.000000000000E+00
   454  0.000000000000E+00  0.000000000000E+00  0.000000000000E+00 -9.958881400522E+03  0.000000000000E+00  0.000000000000E+00  0.000000000000E+00  0.000000000000E+00
   455  0.000000000000E+00  0.000000000000E+00  0.000000000000E+00 -9.958881401254E+03  0.000000000000E+00  0.000000000000E+00  0.000000000000E+00  0.000000000000E+00
   456  0.000000000000E+00  0.000000000000E+00  0.000000000000E+00 -9.958881400646E+03  0.000000000000E+00  0.000000000000E+00  0.000000000000E+00  0.000000000000E+00
   457  0.000000000000E+00  0.000000000000E+00  0.000000000000E+00 -9.958881400859E+03  0.000000000000E+00  0.000000000000E+00  0.000000000000E+00  0.000000000000E+00
   458  0.000000000000E+00  0.000000000000E+00  0.000000000000E+00 -9.958881401012E+03  0.000000000000E+00  0.000000000000E+00  0.000000000000E+00  0.000000000000E+00
   459  0.000000000000E+00  0.000000000000E+00  0.000000000000E+00 -9.958881401681E+03  0.000000000000E+00  0.000000000000E+00  0.000000000000E+00  0.000000000000E+00
   460  0.000000000000E+00  0.000000000000E+00  0.000000000000E+00 -9.958881401268E+03  0.000000000000E+00  0.000000000000E+00  0.000000000000E+00  0.000000000000E+00
   461  0.000000000000E+00  0.000000000000E+00  0.000000000000E+00 -9.958881401341E+03  0.000000000000E+00  0.000000000000E+00  0.000000000000E+00  0.000000000000E+00
   462  0.000000000000E+00  0.000000000000E+00  0.000000000000E+00 -9.958881400964E+03  0.000000000000E+00  0.000000000000E+00  0.000000000000E+00  0.000000000000E+00
   463  0.000000000000E+00  0.000000000000E+00  0.000000000000E+00 -9.958881401556E+03  0.000000000000E+00  0.000000000000E+00  0.000000000000E+00  0.000000000000E+00
   464  0.000000000000E+00  0.000000000000E+00  0.000000000000E+00 -9.958881401114E+03  0.000000000000E+00  0.000000000000E+00  0.000000000000E+00  0.000000000000E+00
   465  0.000000000000E+00  0.000000000000E+00  0.000000000000E+00 -9.958881401610E+03  0.000000000000E+00  0.000000000000E+00  0.000000000000E+00  0.000000000000E+00
   466  0.000000000000E+00  0.000000000000E+00  0.000000000000E+00 -9.958881400888E+03  0.000000000000E+00  0.000000000000E+00  0.000000000000E+00  0.000000000000E+00
   467  0.000000000000E+00  0.000000000000E+00  0.000000000000E+00 -9.958881401564E+03  0.000000000000E+00  0.000000000000E+00  0.000000000000E+00  0.000000000000E+00
   468  0.000000000000E+00  0.000000000000E+00  0.000000000000E+00 -9.958881400744E+03  0.000000000000E+00  0.000000000000E+00  0.000000000000E+00  0.000000000000E+00
   469  0.000000000000E+00  0.000000000000E+00  0.000000000000E+00 -9.958881401842E+03  0.000000000000E+00  0.000000000000E+00  0.000000000000E+00  0.000000000000E+00
   470  0.000000000000E+00  0.000000000000E+00  0.000000000000E+00 -9.958881400909E+03  0.000000000000E+00  0.000000000000E+00  0.000000000000E+00  0.000000000000E+00
   471  0.000000000000E+00  0.000000000000E+00  0.000000000000E+00 -9.958881401480E+03  0.000000000000E+00  0.000000000000E+00  0.000000000000E+00  0.000000000000E+00
   472  0.000000000000E+00  0.000000000000E+00  0.000000000000E+00 -9.958881400520E+03  0.000000000000E+00  0.000000000000E+00  0.000000000000E+00  0.000000000000E+00
   473  0.000000000000E+00  0.000000000000E+00  0.000000000000E+00 -9.958881401509E+03  0.000000000000E+00  0.000000000000E+00  0.000000000000E+00  0.000000000000E+00
   474  0.000000000000E+00  0.000000000000E+00  0.000000000000E+00 -9.958881400327E+03  0.000000000000E+00  0.000000000000E+00  0.000000000000E+00  0.000000000000E+00
   475  0.000000000000E+00  0.000000000000E+00  0.000000000000E+00 -9.958881402144E+03  0.000000000000E+00  0.000000000000E+00  0.000000000000E+00  0.000000000000E+00
   476  0.000000000000E+00  0.000000000000E+00  0.000000000000E+00 -9.958881399374E+03  0.000000000000E+00  0.000000000000E+00  0.000000000000E+00  0.000000000000E+00
   477  0.000000000000E+00  0.000000000000E+00  0.000000000000E+00 -9.958881403549E+03  0.000000000000E+00  0.000000000000E+00  0.000000000000E+00  0.000000000000E+00
   478  0.000000000000E+00  0.000000000000E+00  0.000000000000E+00 -9.958881399132E+03  0.000000000000E+00  0.000000000000E+00  0.000000000000E+00  0.000000000000E+00
   479  0.000000000000E+00  0.000000000000E+00  0.000000000000E+00 -9.958881402302E+03  0.000000000000E+00  0.000000000000E+00  0.000000000000E+00  0.000000000000E+00
   480  0.000000000000E+00  0.000000000000E+00  0.000000000000E+00 -9.958881400530E+03  0.000000000000E+00  0.000000000000E+00  0.000000000000E+00  0.000000000000E+00
   481  0.000000000000E+00  0.000000000000E+00  0.000000000000E+00 -9.958881401234E+03  0.000000000000E+00  0.000000000000E+00  0.000000000000E+00  0.000000000000E+00
   482  0.000000000000E+00  0.000000000000E+00  0.000000000000E+00 -9.958881400674E+03  0.000000000000E+00  0.000000000000E+00  0.000000000000E+00  0.000000000000E+00
   483  0.000000000000E+00  0.000000000000E+00  0.000000000000E+00 -9.958881400858E+03  0.000000000000E+00  0.000000000000E+00  0.000000000000E+00  0.000000000000E+00
   484  0.000000000000E+00  0.000000000000E+00  0.000000000000E+00 -9.958881401455E+03  0.000000000000E+00  0.000000000000E+00  0.000000000000E+00  0.000000000000E+00
   485  0.000000000000E+00  0.000000000000E+00  0.000000000000E+00 -9.958881401136E+03  0.000000000000E+00  0.000000000000E+00  0.000000000000E+00  0.000000000000E+00
   486  0.000000000000E+00  0.000000000000E+00  0.000000000000E+00 -9.958881400759E+03  0.000000000000E+00  0.000000000000E+00  0.000000000000E+00  0.000000000000E+00
   487  0.000000000000E+00  0.000000000000E+00  0.000000000000E+00 -9.958881400836E+03  0.000000000000E+00  0.000000000000E+00  0.000000000000E+00  0.000000000000E+00
   488  0.000000000000E+00  0.000000000000E+00  0.000000000000E+00 -9.958881400947E+03  0.000000000000E+00  0.000000000000E+00  0.000000000000E+00  0.000000000000E+00
   489  0.000000000000E+00  0.000000000000E+00  0.000000000000E+00 -9.958881400970E+03  0.000000000000E+00  0.000000000000E+00  0.000000000000E+00  0.000000000000E+00
   490  0.000000000000E+00  0.000000000000E+00  0.000000000000E+00 -9.958881400992E+03  0.000000000000E+00  0.000000000000E+00  0.000000000000E+00  0.000000000000E+00
   491  0.000000000000E+00  0.000000000000E+00  0.000000000000E+00 -9.958881400950E+03  0.000000000000E+00  0.000000000000E+00  0.000000000000E+00  0.000000000000E+00
   492  0.000000000000E+00  0.000000000000E+00  0.000000000000E+00 -9.958881400562E+03  0.000000000000E+00  0.000000000000E+00  0.000000000000E+00  0.000000000000E+00
   493  0.000000000000E+00  0.000000000000E+00  0.000000000000E+00 -9.958881400545E+03  0.000000000000E+00  0.000000000000E+00  0.000000000000E+00  0.000000000000E+00
   494  0.000000000000E+00  0.000000000000E+00  0.000000000000E+00 -9.958881400517E+03  0.000000000000E+00  0.000000000000E+00  0.000000000000E+00  0.000000000000E+00
   495  0.000000000000E+00  0.000000000000E+00  0.000000000000E+00 -9.958881400405E+03  0.000000000000E+00  0.000000000000E+00  0.000000000000E+00  0.000000000000E+00
   496  0.000000000000E+00  0.000000000000E+00  0.000000000000E+00 -9.958881400333E+03  0.000000000000E+00  0.000000000000E+00  0.000000000000E+00  0.000000000000E+00
   497  0.000000000000E+00  0.000000000000E+00  0.000000000000E+00 -9.958881400436E+03  0.000000000000E+00  0.000000000000E+00  0.000000000000E+00  0.000000000000E+00
   498  0.000000000000E+00  0.000000000000E+00  0.000000000000E+00 -9.958881400750E+03  0.000000000000E+00  0.000000000000E+00  0.000000000000E+00  0.000000000000E+00
   499  0.000000000000E+00  0.000000000000E+00  0.000000000000E+00 -9.958881400366E+03  0.000000000000E+00  0.000000000000E+00  0.000000000000E+00  0.000000000000E+00
   500  0.000000000000E+00  0.000000000000E+00  0.000000000000E+00 -9.958881401137E+03  0.000000000000E+00  0.000000000000E+00  0.000000000000E+00  0.000000000000E+00
